0 3
1 4
2 3
3 6
4 4
5 3
6 2
7 2
8 7
9 2
10 3
11 3
12 4
13 1
14 2
15 2
16 5
17 0
18 3
19 4
20 3
21 4
22 2
23 3
24 1
25 3
26 3
27 6
28 0
29 8
30 2
31 3
32 4
33 2
34 1
35 5
36 7
37 6
38 4
39 3
40 3
41 1
42 6
43 3
44 0
45 0
46 5
47 4
48 2
49 1
50 1
51 1
52 1
53 2
54 5
55 3
56 4
57 5
58 3
59 0
60 3
61 7
62 2
63 3
64 5
65 3
66 5
67 8
68 5
69 2
70 2
71 3
72 2
73 4
74 4
75 4
76 1
77 1
78 1
79 2
80 2
81 4
82 2
83 4
84 5
85 1
86 4
87 3
88 1
89 2
90 4
91 4
92 3
93 7
94 3
95 6
96 1
97 5
98 1
99 5
100 6
101 1
102 2
103 4
104 2
105 10
106 3
107 2
108 6
109 3
110 0
111 1
112 4
113 3
114 5
115 1
116 6
117 3
118 5
119 3
120 3
121 8
122 6
123 4
124 4
125 3
126 1
127 2
128 5
129 1
130 1
131 7
132 5
133 2
134 2
135 9
136 2
137 2
138 3
139 1
140 2
141 2
142 2
143 5
144 2
145 1
146 1
147 2
148 0
149 2
150 2
151 6
152 0
153 6
154 7
155 3
156 7
157 9
158 5
159 2
160 0
161 1
162 3
163 6
164 4
165 4
166 4
167 4
168 2
169 3
170 2
171 4
172 3
173 7
174 2
175 2
176 1
177 3
178 1
179 5
180 5
181 2
182 4
183 4
184 1
185 3
186 0
187 6
188 2
189 3
190 3
191 5
192 6
193 3
194 2
195 4
196 4
197 2
198 0
199 13
200 7
201 1
202 3
203 4
204 9
205 3
206 7
207 4
208 3
209 1
210 3
211 1
212 1
213 2
214 1
215 1
216 7
217 5
218 2
219 2
220 0
221 0
222 6
223 2
224 1
225 4
226 4
227 4
228 3
229 4
230 1
231 2
232 3
233 2
234 4
235 5
236 1
237 4
238 1
239 6
240 1
241 3
242 3
243 2
244 3
245 0
246 2
247 0
248 5
249 4
250 1
251 4
252 3
253 1
254 2
255 3
256 6
257 5
258 2
259 1
260 3
261 6
262 4
263 5
264 1
265 2
266 5
267 2
268 4
269 3
270 4
271 4
272 2
273 0
274 5
275 0
276 1
277 4
278 3
279 6
280 2
281 2
282 1
283 1
284 3
285 4
286 3
287 1
288 3
289 6
290 1
291 4
292 0
293 3
294 4
295 1
296 3
297 4
298 3
299 4
300 2
301 2
302 3
303 6
304 0
305 0
306 4
307 3
308 2
309 3
310 4
311 4
312 5
313 2
314 3
315 1
316 0
317 0
318 3
319 4
320 1
321 1
322 5
323 1
324 5
325 3
326 2
327 1
328 3
329 1
330 1
331 5
332 1
333 1
334 7
335 2
336 2
337 1
338 3
339 6
340 5
341 5
342 2
343 4
344 3
345 4
346 3
347 0
348 6
349 5
350 1
351 3
352 4
353 1
354 0
355 3
356 4
357 2
358 2
359 3
360 6
361 5
362 5
363 4
364 3
365 8
366 6
367 3
368 3
369 2
370 4
371 2
372 3
373 1
374 1
375 1
376 3
377 4
378 8
379 7
380 6
381 3
382 0
383 2
384 7
385 3
386 6
387 2
388 0
389 4
390 2
391 4
392 4
393 6
394 2
395 3
396 6
397 1
398 2
399 3
400 3
401 3
402 2
403 2
404 6
405 5
406 1
407 1
408 0
409 2
410 1
411 2
412 2
413 3
414 1
415 8
416 3
417 3
418 1
419 0
420 7
421 1
422 2
423 1
424 7
425 4
426 2
427 3
428 3
429 5
430 2
431 7
432 5
433 4
434 2
435 0
436 4
437 2
438 4
439 1
440 3
441 2
442 1
443 2
444 3
445 8
446 3
447 2
448 6
449 6
450 1
451 1
452 5
453 5
454 1
455 0
456 1
457 6
458 2
459 2
460 5
461 9
462 4
463 2
464 2
465 1
466 7
467 1
468 5
469 2
470 2
471 2
472 4
473 4
474 5
475 3
476 6
477 2
478 1
479 6
480 4
481 1
482 6
483 4
484 1
485 5
486 5
487 3
488 5
489 5
490 2
491 2
492 2
493 1
494 1
495 1
496 7
497 5
498 4
499 4
500 3
501 2
502 4
503 7
504 2
505 5
506 4
507 1
508 6
509 1
510 6
511 1
512 3
513 5
514 3
515 2
516 3
517 2
518 3
519 4
520 5
521 3
522 6
523 3
524 4
525 2
526 2
527 1
528 4
529 2
530 10
531 2
532 4
533 3
534 7
535 2
536 2
537 2
538 6
539 2
540 6
541 3
542 5
543 2
544 3
545 3
546 5
547 0
548 3
549 5
550 3
551 4
552 1
553 1
554 4
555 1
556 2
557 4
558 1
559 3
560 5
561 1
562 1
563 2
564 2
565 3
566 4
567 3
568 4
569 2
570 7
571 4
572 4
573 3
574 3
575 2
576 3
577 0
578 4
579 4
580 4
581 1
582 2
583 3
584 3
585 1
586 3
587 3
588 2
589 10
590 3
591 4
592 2
593 3
594 2
595 6
596 3
597 4
598 2
599 5
600 3
601 2
602 6
603 2
604 2
605 2
606 1
607 1
608 2
609 3
610 2
611 8
612 2
613 0
614 0
615 5
616 1
617 1
618 3
619 4
620 3
621 3
622 2
623 3
624 6
625 4
626 2
627 5
628 1
629 3
630 3
631 3
632 1
633 5
634 3
635 5
636 5
637 6
638 5
639 2
640 1
641 2
642 2
643 5
644 5
645 2
646 5
647 2
648 10
649 1
650 2
651 1
652 2
653 2
654 3
655 3
656 4
657 5
658 2
659 1
660 1
661 5
662 2
663 3
664 1
665 1
666 2
667 7
668 4
669 7
670 0
671 7
672 4
673 3
674 3
675 3
676 3
677 4
678 1
679 3
680 3
681 3
682 2
683 0
684 3
685 4
686 2
687 7
688 4
689 4
690 4
691 2
692 2
693 3
694 2
695 7
696 3
697 2
698 5
699 3
700 2
701 2
702 4
703 2
704 3
705 6
706 1
707 1
708 2
709 5
710 3
711 2
712 5
713 0
714 1
715 2
716 3
717 31
718 4
719 3
720 8
721 4
722 3
723 6
724 7
725 2
726 1
727 4
728 3
729 2
730 2
731 1
732 6
733 2
734 2
735 6
736 0
737 4
738 4
739 1
740 3
741 6
742 2
743 2
744 5
745 4
746 5
747 1
748 5
749 4
750 2
751 0
752 8
753 2
754 1
755 6
756 5
757 5
758 4
759 6
760 9
761 0
762 1
763 2
764 2
765 2
766 3
767 3
768 3
769 2
770 5
771 1
772 6
773 5
774 3
775 2
776 2
777 2
778 1
779 5
780 3
781 2
782 8
783 0
784 4
785 3
786 6
787 2
788 2
789 3
790 4
791 5
792 1
793 4
794 3
795 1
796 7
797 5
798 2
799 7
800 0
801 3
802 2
803 4
804 3
805 4
806 0
807 4
808 1
809 2
810 6
811 3
812 3
813 2
814 5
815 8
816 6
817 3
818 3
819 1
820 2
821 2
822 3
823 4
824 7
825 6
826 3
827 2
828 2
829 3
830 1
831 4
832 2
833 0
834 7
835 5
836 3
837 3
838 1
839 1
840 2
841 2
842 7
843 4
844 2
845 2
846 3
847 5
848 4
849 4
850 7
851 3
852 2
853 0
854 3
855 2
856 6
857 7
858 2
859 5
860 2
861 3
862 4
863 0
864 3
865 2
866 5
867 5
868 2
869 3
870 6
871 1
872 1
873 3
874 3
875 1
876 4
877 4
878 6
879 3
880 3
881 0
882 0
883 4
884 0
885 4
886 1
887 7
888 6
889 3
890 2
891 2
892 6
893 1
894 2
895 1
896 4
897 8
898 4
899 1
900 2
901 5
902 2
903 3
904 3
905 0
906 3
907 3
908 5
909 1
910 3
911 1
912 3
913 1
914 5
915 4
916 3
917 4
918 1
919 5
920 3
921 2
922 6
923 0
924 0
925 1
926 5
927 5
928 2
929 2
930 4
931 2
932 4
933 3
934 2
935 3
936 3
937 3
938 1
939 2
940 10
941 1
942 5
943 2
944 4
945 1
946 1
947 3
948 2
949 2
950 9
951 5
952 2
953 2
954 0
955 4
956 1
957 4
958 2
959 0
960 2
961 5
962 3
963 2
964 5
965 3
966 4
967 6
968 6
969 3
970 3
971 1
972 4
973 2
974 3
975 3
976 1
977 4
978 5
979 1
980 1
981 9
982 6
983 6
984 3
985 2
986 3
987 2
988 3
989 1
990 2
991 1
992 1
993 2
994 2
995 2
996 5
997 1
998 5
999 5
1000 6
1001 2
1002 3
1003 4
1004 5
1005 4
1006 5
1007 2
1008 2
1009 7
1010 3
1011 3
1012 5
1013 2
1014 0
1015 3
1016 3
1017 5
1018 2
1019 7
1020 3
1021 5
1022 4
1023 3
1024 2
1025 4
1026 1
1027 0
1028 3
1029 3
1030 1
1031 0
1032 2
1033 4
1034 7
1035 1
1036 2
1037 1
1038 1
1039 2
1040 5
1041 1
1042 2
1043 2
1044 3
1045 2
1046 5
1047 3
1048 2
1049 4
1050 2
1051 5
1052 2
1053 0
1054 3
1055 4
1056 3
1057 3
1058 6
1059 4
1060 0
1061 2
1062 3
1063 2
1064 2
1065 5
1066 4
1067 0
1068 8
1069 4
1070 2
1071 3
1072 3
1073 4
1074 2
1075 6
1076 0
1077 3
1078 2
1079 3
1080 5
1081 4
1082 1
1083 6
1084 1
1085 3
1086 2
1087 6
1088 1
1089 1
1090 3
1091 2
1092 3
1093 2
1094 4
1095 3
1096 3
1097 1
1098 7
1099 3
1100 1
1101 4
1102 3
1103 8
1104 0
1105 1
1106 3
1107 2
1108 2
1109 7
1110 2
1111 5
1112 4
1113 7
1114 4
1115 6
1116 1
1117 4
1118 3
1119 6
1120 1
1121 4
1122 1
1123 0
1124 2
1125 1
1126 3
1127 2
1128 4
1129 2
1130 2
1131 10
1132 5
1133 1
1134 5
1135 5
1136 3
1137 3
1138 6
1139 3
1140 3
1141 1
1142 3
1143 8
1144 1
1145 4
1146 3
1147 2
1148 3
1149 4
1150 1
1151 4
1152 6
1153 5
1154 0
1155 4
1156 5
1157 6
1158 7
1159 2
1160 5
1161 1
1162 3
1163 11
1164 3
1165 3
1166 2
1167 3
1168 2
1169 4
1170 3
1171 3
1172 1
1173 0
1174 6
1175 1
1176 4
1177 2
1178 1
1179 8
1180 2
1181 3
1182 4
1183 6
1184 4
1185 3
1186 1
1187 1
1188 1
1189 2
1190 2
1191 9
1192 5
1193 3
1194 2
1195 3
1196 6
1197 2
1198 3
1199 1
1200 2
1201 2
1202 1
1203 1
1204 12
1205 7
1206 4
1207 3
1208 5
1209 2
1210 6
1211 4
1212 7
1213 2
1214 4
1215 3
1216 4
1217 7
1218 2
1219 3
1220 3
1221 5
1222 1
1223 4
1224 8
1225 7
1226 2
1227 6
1228 5
1229 1
1230 3
1231 4
1232 6
1233 2
1234 2
1235 3
1236 6
1237 4
1238 5
1239 2
1240 3
1241 5
1242 3
1243 2
1244 0
1245 11
1246 3
1247 2
1248 2
1249 2
1250 3
1251 2
1252 3
1253 3
1254 1
1255 1
1256 5
1257 2
1258 2
1259 4
1260 0
1261 10
1262 0
1263 5
1264 3
1265 3
1266 3
1267 2
1268 1
1269 3
1270 2
1271 4
1272 9
1273 1
1274 6
1275 5
1276 6
1277 2
1278 8
1279 4
1280 2
1281 6
1282 7
1283 1
1284 3
1285 8
1286 4
1287 2
1288 4
1289 4
1290 9
1291 3
1292 3
1293 7
1294 2
1295 3
1296 4
1297 3
1298 2
1299 2
1300 2
1301 3
1302 2
1303 2
1304 2
1305 1
1306 5
1307 1
1308 6
1309 1
1310 4
1311 4
1312 2
1313 3
1314 0
1315 5
1316 2
1317 4
1318 2
1319 3
1320 4
1321 7
1322 2
1323 4
1324 3
1325 2
1326 2
1327 8
1328 2
1329 2
1330 0
1331 4
1332 1
1333 5
1334 2
1335 5
1336 2
1337 1
1338 0
1339 9
1340 1
1341 0
1342 2
1343 5
1344 6
1345 1
1346 1
1347 2
1348 0
1349 1
1350 2
1351 4
1352 2
1353 7
1354 6
1355 5
1356 4
1357 2
1358 2
1359 4
1360 3
1361 4
1362 1
1363 5
1364 2
1365 3
1366 1
1367 2
1368 1
1369 6
1370 3
1371 1
1372 2
1373 2
1374 5
1375 1
1376 5
1377 2
1378 1
1379 3
1380 5
1381 4
1382 0
1383 4
1384 2
1385 2
1386 7
1387 8
1388 6
1389 3
1390 5
1391 4
1392 0
1393 6
1394 5
1395 2
1396 5
1397 2
1398 6
1399 2
1400 4
1401 3
1402 5
1403 2
1404 3
1405 4
1406 2
1407 4
1408 1
1409 4
1410 2
1411 1
1412 2
1413 3
1414 4
1415 2
1416 2
1417 2
1418 5
1419 8
1420 4
1421 1
1422 5
1423 2
1424 4
1425 5
1426 2
1427 0
1428 2
1429 5
1430 2
1431 2
1432 7
1433 4
1434 1
1435 5
1436 2
1437 2
1438 1
1439 1
1440 3
1441 2
1442 8
1443 1
1444 2
1445 2
1446 6
1447 4
1448 3
1449 2
1450 7
1451 3
1452 1
1453 1
1454 5
1455 3
1456 3
1457 1
1458 3
1459 3
1460 4
1461 1
1462 11
1463 4
1464 1
1465 4
1466 3
1467 4
1468 2
1469 3
1470 2
1471 4
1472 2
1473 3
1474 3
1475 7
1476 5
1477 2
1478 3
1479 4
1480 1
1481 8
1482 3
1483 6
1484 3
1485 3
1486 4
1487 4
1488 4
1489 2
1490 2
1491 4
1492 6
1493 1
1494 3
1495 4
1496 6
1497 4
1498 2
1499 10
1500 2
1501 2
1502 3
1503 2
1504 3
1505 2
1506 3
1507 4
1508 5
1509 6
1510 6
1511 2
1512 2
1513 6
1514 3
1515 1
1516 4
1517 4
1518 6
1519 6
1520 1
1521 9
1522 3
1523 5
1524 5
1525 2
1526 1
1527 4
1528 5
1529 1
1530 4
1531 5
1532 4
1533 8
1534 3
1535 2
1536 2
1537 7
1538 8
1539 3
1540 1
1541 2
1542 3
1543 2
1544 1
1545 6
1546 2
1547 3
1548 5
1549 4
1550 1
1551 0
1552 9
1553 2
1554 2
1555 3
1556 6
1557 4
1558 1
1559 3
1560 4
1561 3
1562 5
1563 5
1564 4
1565 2
1566 6
1567 3
1568 3
1569 5
1570 5
1571 0
1572 5
1573 2
1574 1
1575 3
1576 3
1577 1
1578 4
1579 1
1580 3
1581 4
1582 1
1583 1
1584 2
1585 3
1586 4
1587 2
1588 3
1589 4
1590 1
1591 4
1592 4
1593 0
1594 1
1595 3
1596 7
1597 2
1598 0
1599 3
1600 1
1601 3
1602 3
1603 3
1604 4
1605 4
1606 4
1607 5
1608 2
1609 3
1610 0
1611 2
1612 3
1613 1
1614 7
1615 3
1616 5
1617 2
1618 3
1619 0
1620 4
1621 3
1622 6
1623 7
1624 3
1625 2
1626 5
1627 5
1628 3
1629 4
1630 2
1631 3
1632 2
1633 2
1634 4
1635 3
1636 3
1637 1
1638 3
1639 5
1640 7
1641 2
1642 4
1643 2
1644 2
1645 1
1646 1
1647 9
1648 4
1649 4
1650 3
1651 0
1652 2
1653 3
1654 5
1655 3
1656 3
1657 2
1658 8
1659 3
1660 3
1661 2
1662 7
1663 3
1664 2
1665 1
1666 2
1667 1
1668 2
1669 2
1670 2
1671 0
1672 2
1673 3
1674 4
1675 3
1676 4
1677 8
1678 6
1679 0
1680 2
1681 2
1682 2
1683 3
1684 4
1685 5
1686 3
1687 2
1688 6
1689 1
1690 5
1691 2
1692 6
1693 8
1694 6
1695 2
1696 1
1697 1
1698 8
1699 1
1700 2
1701 6
1702 2
1703 1
1704 1
1705 3
1706 7
1707 1
1708 5
1709 2
1710 6
1711 4
1712 3
1713 4
1714 5
1715 1
1716 3
1717 4
1718 9
1719 1
1720 2
1721 3
1722 3
1723 10
1724 1
1725 5
1726 3
1727 3
1728 6
1729 7
1730 3
1731 2
1732 2
1733 2
1734 4
1735 5
1736 1
1737 5
1738 4
1739 6
1740 0
1741 2
1742 4
1743 2
1744 6
1745 6
1746 3
1747 2
1748 5
1749 2
1750 2
1751 3
1752 2
1753 4
1754 4
1755 1
1756 4
1757 6
1758 1
1759 0
1760 3
1761 0
1762 8
1763 3
1764 1
1765 1
1766 1
1767 2
1768 3
1769 6
1770 7
1771 3
1772 3
1773 3
1774 5
1775 6
1776 1
1777 5
1778 5
1779 1
1780 11
1781 3
1782 7
1783 4
1784 1
1785 1
1786 4
1787 2
1788 7
1789 3
1790 3
1791 1
1792 3
1793 3
1794 3
1795 3
1796 3
1797 3
1798 6
1799 2
1800 3
1801 1
1802 1
1803 0
1804 3
1805 1
1806 3
1807 3
1808 5
1809 3
1810 3
1811 2
1812 5
1813 5
1814 1
1815 2
1816 3
1817 0
1818 0
1819 9
1820 5
1821 5
1822 4
1823 2
1824 5
1825 2
1826 2
1827 2
1828 3
1829 6
1830 1
1831 4
1832 3
1833 4
1834 2
1835 3
1836 4
1837 1
1838 7
1839 1
1840 1
1841 7
1842 2
1843 3
1844 4
1845 6
1846 2
1847 1
1848 5
1849 3
1850 1
1851 0
1852 0
1853 2
1854 5
1855 6
1856 0
1857 1
1858 2
1859 2
1860 3
1861 3
1862 2
1863 0
1864 6
1865 2
1866 1
1867 1
1868 1
1869 1
1870 3
1871 3
1872 7
1873 1
1874 0
1875 5
1876 5
1877 5
1878 1
1879 1
1880 1
1881 4
1882 4
1883 1
1884 3
1885 3
1886 2
1887 3
1888 3
1889 0
1890 2
1891 6
1892 2
1893 2
1894 4
1895 4
1896 6
1897 0
1898 8
1899 0
1900 2
1901 1
1902 0
1903 5
1904 5
1905 0
1906 5
1907 1
1908 7
1909 3
1910 7
1911 2
1912 3
1913 3
1914 4
1915 3
1916 4
1917 7
1918 1
1919 6
1920 3
1921 2
1922 1
1923 1
1924 1
1925 1
1926 2
1927 1
1928 3
1929 4
1930 1
1931 0
1932 1
1933 0
1934 2
1935 4
1936 0
1937 2
1938 2
1939 3
1940 5
1941 1
1942 2
1943 2
1944 1
1945 4
1946 3
1947 0
1948 1
1949 1
1950 4
1951 3
1952 3
1953 1
1954 4
1955 5
1956 2
1957 1
1958 9
1959 5
1960 3
1961 5
1962 4
1963 1
1964 3
1965 5
1966 4
1967 5
1968 1
1969 3
1970 2
1971 3
1972 4
1973 5
1974 4
1975 3
1976 2
1977 3
1978 0
1979 5
1980 2
1981 6
1982 3
1983 4
1984 9
1985 5
1986 1
1987 1
1988 0
1989 5
1990 1
1991 2
1992 2
1993 1
1994 1
1995 3
1996 0
1997 4
1998 3
1999 2
2000 5
2001 5
2002 3
2003 7
2004 5
2005 4
2006 2
2007 4
2008 2
2009 3
2010 2
2011 7
2012 2
2013 3
2014 4
2015 5
2016 0
2017 0
2018 2
2019 2
2020 1
2021 3
2022 3
2023 2
2024 1
2025 2
2026 0
2027 3
2028 3
2029 5
2030 2
2031 3
2032 5
2033 2
2034 4
2035 3
2036 3
2037 2
2038 7
2039 1
2040 2
2041 2
2042 1
2043 2
2044 3
2045 3
2046 6
2047 4
2048 4
2049 7
2050 7
2051 6
2052 2
2053 4
2054 2
2055 2
2056 6
2057 0
2058 4
2059 1
2060 2
2061 4
2062 2
2063 2
2064 4
2065 3
2066 6
2067 5
2068 2
2069 3
2070 0
2071 1
2072 4
2073 2
2074 3
2075 2
2076 4
2077 2
2078 3
2079 2
2080 2
2081 3
2082 3
2083 3
2084 4
2085 5
2086 4
2087 2
2088 1
2089 0
2090 1
2091 1
2092 3
2093 6
2094 5
2095 9
2096 5
2097 1
2098 3
2099 2
2100 1
2101 1
2102 4
2103 1
2104 4
2105 6
2106 1
2107 4
2108 4
2109 7
2110 1
2111 7
2112 3
2113 5
2114 5
2115 5
2116 3
2117 3
2118 6
2119 6
2120 3
2121 0
2122 6
2123 2
2124 3
2125 6
2126 7
2127 4
2128 1
2129 1
2130 2
2131 4
2132 1
2133 3
2134 4
2135 2
2136 7
2137 4
2138 2
2139 5
2140 1
2141 4
2142 2
2143 3
2144 2
2145 0
2146 0
2147 2
2148 9
2149 0
2150 6
2151 3
2152 2
2153 5
2154 5
2155 2
2156 1
2157 4
2158 2
2159 4
2160 3
2161 3
2162 4
2163 3
2164 3
2165 3
2166 3
2167 2
2168 4
2169 3
2170 3
2171 3
2172 1
2173 3
2174 3
2175 9
2176 1
2177 4
2178 5
2179 5
2180 2
2181 5
2182 6
2183 3
2184 0
2185 3
2186 3
2187 0
2188 1
2189 8
2190 4
2191 1
2192 6
2193 2
2194 5
2195 4
2196 6
2197 4
2198 5
2199 5
2200 3
2201 5
2202 5
2203 3
2204 5
2205 2
2206 3
2207 1
2208 5
2209 4
2210 8
2211 3
2212 2
2213 4
2214 6
2215 1
2216 7
2217 5
2218 6
2219 5
2220 8
2221 2
2222 3
2223 4
2224 1
2225 5
2226 3
2227 2
2228 7
2229 2
2230 3
2231 3
2232 5
2233 5
2234 3
2235 3
2236 2
2237 3
2238 4
2239 3
2240 4
2241 5
2242 5
2243 0
2244 2
2245 1
2246 8
2247 3
2248 2
2249 4
2250 2
2251 2
2252 1
2253 1
2254 1
2255 7
2256 2
2257 1
2258 1
2259 4
2260 0
2261 2
2262 3
2263 3
2264 3
2265 3
2266 2
2267 3
2268 2
2269 3
2270 5
2271 2
2272 4
2273 2
2274 3
2275 4
2276 2
2277 1
2278 4
2279 1
2280 0
2281 3
2282 2
2283 5
2284 2
2285 0
2286 5
2287 7
2288 4
2289 2
2290 3
2291 5
2292 2
2293 5
2294 1
2295 5
2296 6
2297 0
2298 2
2299 3
2300 2
2301 2
2302 0
2303 1
2304 1
2305 6
2306 3
2307 0
2308 1
2309 1
2310 4
2311 3
2312 4
2313 4
2314 1
2315 2
2316 2
2317 4
2318 3
2319 6
2320 2
2321 1
2322 4
2323 3
2324 0
2325 3
2326 6
2327 8
2328 4
2329 6
2330 2
2331 2
2332 4
2333 1
2334 1
2335 1
2336 5
2337 3
2338 4
2339 2
2340 2
2341 4
2342 5
2343 0
2344 1
2345 3
2346 2
2347 1
2348 2
2349 3
2350 8
2351 0
2352 6
2353 3
2354 4
2355 2
2356 8
2357 5
2358 3
2359 1
2360 0
2361 2
2362 6
2363 3
2364 4
2365 2
2366 2
2367 3
2368 1
2369 8
2370 0
2371 5
2372 1
2373 1
2374 2
2375 4
2376 6
2377 0
2378 5
2379 1
2380 3
2381 1
2382 2
2383 1
2384 5
2385 0
2386 3
2387 2
2388 9
2389 4
2390 8
2391 1
2392 0
2393 3
2394 0
2395 4
2396 3
2397 3
2398 5
2399 5
2400 4
2401 3
2402 2
2403 2
2404 2
2405 7
2406 4
2407 4
2408 1
2409 4
2410 1
2411 3
2412 0
2413 5
2414 1
2415 1
2416 0
2417 2
2418 2
2419 4
2420 6
2421 2
2422 5
2423 2
2424 2
2425 5
2426 6
2427 1
2428 4
2429 4
2430 0
2431 1
2432 1
2433 4
2434 5
2435 1
2436 2
2437 5
2438 3
2439 3
2440 2
2441 1
2442 0
2443 2
2444 2
2445 1
2446 3
2447 5
2448 2
2449 2
2450 2
2451 2
2452 3
2453 1
2454 0
2455 2
2456 7
2457 1
2458 5
2459 4
2460 5
2461 3
2462 3
2463 1
2464 5
2465 0
2466 2
2467 2
2468 5
2469 0
2470 0
2471 1
2472 3
2473 4
2474 3
2475 2
2476 8
2477 4
2478 2
2479 2
2480 4
2481 5
2482 2
2483 2
2484 4
2485 7
2486 5
2487 3
2488 2
2489 7
2490 9
2491 3
2492 6
2493 1
2494 1
2495 3
2496 4
2497 3
2498 0
2499 10
2500 2
2501 2
2502 3
2503 6
2504 2
2505 5
2506 4
2507 3
2508 5
2509 2
2510 2
2511 2
2512 0
2513 3
2514 5
2515 2
2516 3
2517 0
2518 1
2519 7
2520 7
2521 3
2522 2
2523 4
2524 0
2525 3
2526 2
2527 0
2528 5
2529 3
2530 3
2531 6
2532 0
2533 6
2534 0
2535 3
2536 3
2537 3
2538 5
2539 1
2540 1
2541 3
2542 6
2543 1
2544 3
2545 3
2546 4
2547 9
2548 1
2549 2
2550 3
2551 1
2552 6
2553 0
2554 3
2555 2
2556 2
2557 5
2558 4
2559 6
2560 1
2561 2
2562 11
2563 3
2564 2
2565 2
2566 3
2567 2
2568 4
2569 5
2570 2
2571 8
2572 2
2573 2
2574 3
2575 4
2576 4
2577 6
2578 5
2579 3
2580 2
2581 4
2582 0
2583 2
2584 3
2585 6
2586 4
2587 5
2588 8
2589 3
2590 1
2591 3
2592 6
2593 6
2594 3
2595 6
2596 4
2597 2
2598 3
2599 2
2600 3
2601 3
2602 2
2603 6
2604 3
2605 10
2606 6
2607 4
2608 1
2609 3
2610 4
2611 0
2612 6
2613 1
2614 7
2615 3
2616 3
2617 3
2618 1
2619 2
2620 3
2621 2
2622 3
2623 1
2624 3
2625 1
2626 6
2627 2
2628 1
2629 3
2630 4
2631 5
2632 4
2633 3
2634 2
2635 7
2636 3
2637 7
2638 6
2639 4
2640 1
2641 4
2642 3
2643 2
2644 8
2645 4
2646 4
2647 2
2648 2
2649 4
2650 4
2651 2
2652 1
2653 5
2654 2
2655 5
2656 0
2657 3
2658 6
2659 2
2660 1
2661 6
2662 1
2663 9
2664 3
2665 2
2666 5
2667 6
2668 3
2669 1
2670 3
2671 1
2672 2
2673 3
2674 0
2675 1
2676 0
2677 4
2678 2
2679 7
2680 5
2681 3
2682 3
2683 2
2684 2
2685 5
2686 1
2687 3
2688 3
2689 4
2690 2
2691 9
2692 6
2693 1
2694 0
2695 4
2696 0
2697 3
2698 3
2699 2
2700 4
2701 3
2702 1
2703 3
2704 1
2705 6
2706 1
2707 2
2708 0
2709 4
2710 2
2711 2
2712 6
2713 4
2714 0
2715 1
2716 3
2717 1
2718 3
2719 3
2720 2
2721 2
2722 3
2723 7
2724 3
2725 8
2726 3
2727 4
2728 4
2729 0
2730 2
2731 0
2732 3
2733 6
2734 2
2735 6
2736 2
2737 13
2738 5
2739 5
2740 5
2741 2
2742 4
2743 4
2744 3
2745 2
2746 2
2747 3
2748 10
2749 1
2750 2
2751 3
2752 5
2753 3
2754 2
2755 1
2756 0
2757 3
2758 7
2759 3
2760 4
2761 7
2762 4
2763 1
2764 6
2765 3
2766 2
2767 6
2768 0
2769 2
2770 1
2771 1
2772 3
2773 1
2774 3
2775 5
2776 5
2777 1
2778 3
2779 2
2780 5
2781 2
2782 4
2783 1
2784 4
2785 3
2786 1
2787 3
2788 4
2789 1
2790 5
2791 3
2792 4
2793 5
2794 2
2795 1
2796 0
2797 3
2798 5
2799 1
2800 2
2801 1
2802 3
2803 6
2804 3
2805 2
2806 4
2807 2
2808 6
2809 1
2810 2
2811 4
2812 1
2813 3
2814 6
2815 3
2816 8
2817 2
2818 6
2819 3
2820 3
2821 4
2822 2
2823 6
2824 5
2825 4
2826 1
2827 3
2828 1
2829 2
2830 2
2831 5
2832 4
2833 3
2834 5
2835 9
2836 4
2837 0
2838 6
2839 8
2840 0
2841 0
2842 4
2843 2
2844 4
2845 1
2846 5
2847 2
2848 3
2849 3
2850 1
2851 4
2852 7
2853 3
2854 1
2855 2
2856 5
2857 2
2858 0
2859 7
2860 0
2861 3
2862 6
2863 4
2864 4
2865 4
2866 3
2867 1
2868 1
2869 6
2870 1
2871 1
2872 0
2873 3
2874 4
2875 5
2876 4
2877 3
2878 3
2879 4
2880 1
2881 4
2882 2
2883 4
2884 2
2885 3
2886 3
2887 2
2888 4
2889 3
2890 3
2891 3
2892 3
2893 5
2894 2
2895 1
2896 1
2897 0
2898 2
2899 4
2900 3
2901 3
2902 4
2903 2
2904 6
2905 5
2906 4
2907 1
2908 2
2909 5
2910 1
2911 5
2912 5
2913 2
2914 4
2915 4
2916 3
2917 0
2918 2
2919 0
2920 2
2921 1
2922 2
2923 2
2924 2
2925 1
2926 1
2927 4
2928 2
2929 3
2930 1
2931 7
2932 4
2933 3
2934 6
2935 3
2936 2
2937 3
2938 4
2939 5
2940 5
2941 2
2942 3
2943 5
2944 3
2945 2
2946 3
2947 5
2948 3
2949 4
2950 4
2951 2
2952 2
2953 1
2954 2
2955 4
2956 1
2957 3
2958 3
2959 7
2960 2
2961 4
2962 1
2963 4
2964 2
2965 1
2966 3
2967 4
2968 4
2969 1
2970 7
2971 2
2972 5
2973 5
2974 3
2975 7
2976 6
2977 2
2978 0
2979 7
2980 2
2981 3
2982 3
2983 1
2984 3
2985 3
2986 3
2987 2
2988 2
2989 4
2990 2
2991 3
2992 4
2993 4
2994 4
2995 7
2996 2
2997 4
2998 3
2999 2
3000 0
3001 2
3002 1
3003 3
3004 1
3005 3
3006 4
3007 2
3008 4
3009 1
3010 4
3011 4
3012 6
3013 3
3014 3
3015 2
3016 2
3017 4
3018 2
3019 0
3020 4
3021 9
3022 3
3023 7
3024 2
3025 8
3026 3
3027 7
3028 1
3029 4
3030 3
3031 4
3032 3
3033 2
3034 2
3035 1
3036 7
3037 2
3038 2
3039 1
3040 3
3041 3
3042 2
3043 2
3044 2
3045 1
3046 3
3047 3
3048 5
3049 3
3050 3
3051 4
3052 2
3053 1
3054 2
3055 2
3056 1
3057 7
3058 2
3059 2
3060 3
3061 2
3062 3
3063 5
3064 0
3065 5
3066 6
3067 3
3068 2
3069 1
3070 3
3071 1
3072 4
3073 4
3074 2
3075 5
3076 2
3077 1
3078 6
3079 1
3080 4
3081 4
3082 3
3083 3
3084 5
3085 3
3086 5
3087 3
3088 2
3089 1
3090 4
3091 2
3092 1
3093 8
3094 1
3095 6
3096 1
3097 3
3098 3
3099 4
3100 4
3101 7
3102 1
3103 6
3104 5
3105 4
3106 4
3107 2
3108 4
3109 3
3110 2
3111 1
3112 5
3113 2
3114 2
3115 3
3116 2
3117 3
3118 5
3119 5
3120 2
3121 0
3122 2
3123 7
3124 2
3125 2
3126 2
3127 3
3128 2
3129 4
3130 5
3131 0
3132 2
3133 4
3134 1
3135 4
3136 3
3137 4
3138 3
3139 2
3140 1
3141 1
3142 3
3143 4
3144 3
3145 6
3146 6
3147 2
3148 7
3149 2
3150 7
3151 4
3152 8
3153 10
3154 2
3155 2
3156 2
3157 3
3158 3
3159 2
3160 6
3161 2
3162 4
3163 5
3164 3
3165 0
3166 3
3167 5
3168 2
3169 3
3170 2
3171 1
3172 1
3173 1
3174 3
3175 4
3176 2
3177 1
3178 3
3179 6
3180 2
3181 4
3182 5
3183 4
3184 2
3185 4
3186 3
3187 1
3188 3
3189 3
3190 4
3191 2
3192 5
3193 0
3194 4
3195 2
3196 1
3197 3
3198 5
3199 1
3200 3
3201 4
3202 5
3203 2
3204 3
3205 3
3206 3
3207 2
3208 1
3209 0
3210 1
3211 3
3212 5
3213 2
3214 3
3215 4
3216 3
3217 3
3218 6
3219 4
3220 6
3221 1
3222 2
3223 1
3224 3
3225 2
3226 0
3227 3
3228 5
3229 4
3230 4
3231 2
3232 2
3233 5
3234 3
3235 4
3236 2
3237 4
3238 2
3239 2
3240 7
3241 1
3242 5
3243 3
3244 1
3245 3
3246 0
3247 10
3248 3
3249 2
3250 4
3251 0
3252 0
3253 0
3254 4
3255 1
3256 4
3257 3
3258 7
3259 5
3260 10
3261 2
3262 1
3263 2
3264 3
3265 1
3266 5
3267 9
3268 4
3269 5
3270 0
3271 4
3272 3
3273 4
3274 1
3275 1
3276 0
3277 2
3278 4
3279 3
3280 4
3281 5
3282 3
3283 6
3284 3
3285 7
3286 6
3287 1
3288 2
3289 4
3290 2
3291 4
3292 2
3293 1
3294 6
3295 3
3296 2
3297 6
3298 3
3299 4
3300 2
3301 5
3302 7
3303 2
3304 9
3305 0
3306 4
3307 1
3308 3
3309 1
3310 6
3311 4
3312 3
3313 6
3314 2
3315 3
3316 2
3317 4
3318 2
3319 4
3320 3
3321 2
3322 2
3323 4
3324 5
3325 3
3326 2
3327 4
3328 0
3329 5
3330 4
3331 5
3332 3
3333 3
3334 5
3335 5
3336 2
3337 3
3338 7
3339 2
3340 2
3341 1
3342 6
3343 4
3344 2
3345 4
3346 2
3347 3
3348 6
3349 3
3350 1
3351 2
3352 5
3353 6
3354 7
3355 6
3356 4
3357 2
3358 5
3359 5
3360 3
3361 4
3362 2
3363 4
3364 3
3365 6
3366 8
3367 6
3368 3
3369 4
3370 4
3371 1
3372 0
3373 8
3374 1
3375 2
3376 2
3377 1
3378 1
3379 4
3380 3
3381 3
3382 7
3383 2
3384 1
3385 6
3386 3
3387 3
3388 5
3389 6
3390 5
3391 5
3392 4
3393 3
3394 4
3395 2
3396 1
3397 1
3398 6
3399 7
3400 3
3401 4
3402 2
3403 6
3404 1
3405 0
3406 1
3407 1
3408 3
3409 1
3410 5
3411 0
3412 4
3413 0
3414 2
3415 4
3416 1
3417 4
3418 5
3419 5
3420 7
3421 1
3422 2
3423 6
3424 4
3425 1
3426 3
3427 4
3428 5
3429 10
3430 2
3431 4
3432 2
3433 1
3434 7
3435 3
3436 6
3437 6
3438 4
3439 0
3440 9
3441 3
3442 4
3443 3
3444 2
3445 4
3446 5
3447 7
3448 0
3449 1
3450 1
3451 4
3452 1
3453 5
3454 5
3455 4
3456 5
3457 5
3458 2
3459 6
3460 5
3461 2
3462 2
3463 3
3464 3
3465 6
3466 1
3467 6
3468 3
3469 2
3470 1
3471 2
3472 7
3473 4
3474 3
3475 1
3476 4
3477 5
3478 4
3479 4
3480 2
3481 4
3482 4
3483 2
3484 8
3485 5
3486 2
3487 5
3488 6
3489 2
3490 3
3491 2
3492 2
3493 6
3494 2
3495 1
3496 6
3497 4
3498 6
3499 5
3500 4
3501 1
3502 1
3503 1
3504 2
3505 3
3506 4
3507 5
3508 3
3509 0
3510 2
3511 4
3512 4
3513 3
3514 0
3515 3
3516 4
3517 4
3518 5
3519 7
3520 2
3521 4
3522 1
3523 4
3524 6
3525 4
3526 1
3527 3
3528 2
3529 2
3530 3
3531 5
3532 1
3533 7
3534 4
3535 3
3536 5
3537 7
3538 2
3539 1
3540 3
3541 2
3542 4
3543 5
3544 1
3545 0
3546 5
3547 4
3548 2
3549 2
3550 2
3551 2
3552 1
3553 3
3554 1
3555 5
3556 1
3557 5
3558 1
3559 3
3560 6
3561 4
3562 2
3563 3
3564 2
3565 3
3566 1
3567 2
3568 3
3569 4
3570 3
3571 2
3572 4
3573 1
3574 2
3575 2
3576 1
3577 5
3578 6
3579 1
3580 0
3581 3
3582 7
3583 4
3584 0
3585 6
3586 0
3587 0
3588 2
3589 1
3590 1
3591 10
3592 3
3593 2
3594 4
3595 2
3596 0
3597 6
3598 2
3599 3
3600 3
3601 3
3602 4
3603 2
3604 1
3605 5
3606 4
3607 2
3608 5
3609 4
3610 2
3611 2
3612 3
3613 4
3614 7
3615 6
3616 2
3617 4
3618 2
3619 2
3620 5
3621 1
3622 8
3623 4
3624 4
3625 1
3626 4
3627 4
3628 0
3629 0
3630 3
3631 0
3632 2
3633 4
3634 8
3635 2
3636 2
3637 2
3638 3
3639 0
3640 4
3641 1
3642 2
3643 5
3644 8
3645 1
3646 2
3647 2
3648 3
3649 5
3650 3
3651 5
3652 2
3653 8
3654 5
3655 1
3656 2
3657 3
3658 1
3659 4
3660 4
3661 4
3662 1
3663 5
3664 3
3665 3
3666 6
3667 4
3668 1
3669 4
3670 3
3671 2
3672 4
3673 4
3674 5
3675 3
3676 1
3677 7
3678 1
3679 10
3680 2
3681 3
3682 5
3683 1
3684 4
3685 4
3686 2
3687 3
3688 2
3689 8
3690 6
3691 3
3692 1
3693 2
3694 0
3695 1
3696 10
3697 4
3698 4
3699 2
3700 0
3701 0
3702 4
3703 2
3704 12
3705 4
3706 2
3707 3
3708 4
3709 7
3710 2
3711 6
3712 4
3713 0
3714 6
3715 3
3716 2
3717 2
3718 7
3719 0
3720 4
3721 6
3722 4
3723 8
3724 1
3725 5
3726 4
3727 3
3728 2
3729 4
3730 0
3731 3
3732 3
3733 2
3734 2
3735 2
3736 0
3737 3
3738 5
3739 3
3740 3
3741 3
3742 2
3743 6
3744 0
3745 2
3746 3
3747 3
3748 2
3749 4
3750 3
3751 2
3752 3
3753 4
3754 0
3755 2
3756 1
3757 5
3758 5
3759 2
3760 2
3761 1
3762 6
3763 4
3764 1
3765 4
3766 6
3767 3
3768 4
3769 2
3770 2
3771 1
3772 1
3773 2
3774 3
3775 12
3776 3
3777 1
3778 1
3779 2
3780 5
3781 0
3782 5
3783 4
3784 4
3785 5
3786 6
3787 3
3788 1
3789 5
3790 2
3791 5
3792 3
3793 0
3794 3
3795 5
3796 2
3797 4
3798 4
3799 10
3800 0
3801 1
3802 7
3803 1
3804 1
3805 1
3806 3
3807 2
3808 2
3809 1
3810 2
3811 3
3812 5
3813 3
3814 2
3815 2
3816 3
3817 1
3818 3
3819 3
3820 2
3821 0
3822 3
3823 4
3824 3
3825 2
3826 3
3827 2
3828 4
3829 4
3830 3
3831 1
3832 1
3833 1
3834 3
3835 7
3836 3
3837 6
3838 3
3839 6
3840 2
3841 6
3842 2
3843 2
3844 1
3845 5
3846 3
3847 3
3848 2
3849 2
3850 2
3851 9
3852 2
3853 1
3854 3
3855 6
3856 5
3857 3
3858 2
3859 4
3860 0
3861 3
3862 2
3863 2
3864 2
3865 5
3866 4
3867 3
3868 2
3869 3
3870 2
3871 3
3872 1
3873 4
3874 4
3875 1
3876 3
3877 4
3878 4
3879 0
3880 4
3881 6
3882 0
3883 5
3884 6
3885 5
3886 2
3887 2
3888 2
3889 3
3890 1
3891 1
3892 7
3893 5
3894 1
3895 3
3896 1
3897 4
3898 4
3899 2
3900 2
3901 1
3902 4
3903 0
3904 0
3905 4
3906 2
3907 3
3908 2
3909 4
3910 4
3911 5
3912 2
3913 1
3914 5
3915 4
3916 2
3917 4
3918 1
3919 4
3920 2
3921 4
3922 2
3923 2
3924 1
3925 0
3926 1
3927 1
3928 3
3929 3
3930 3
3931 6
3932 1
3933 3
3934 3
3935 5
3936 4
3937 4
3938 1
3939 4
3940 2
