40.226	0.0
81.532	0.0
122.84	0.0
1.194	0.0
50.221	0.0
19.636	0.0
27.276	0.0
57.108	0.0
33.243	0.0
2.605	0.0
107.188	0.0
25.54	0.0
15.351	0.0
42.488	0.0
81.284	0.0
141.588	0.0
50.132	0.0
28.308	0.0
57.921	0.0
10.67	0.0
50.153	0.0
17.596	0.0
115.609	0.0
30.38	0.0
8.532	0.0
31.972	0.0
6.119	0.0
33.543	0.0
21.278	0.0
46.756	0.0
31.057	0.0
26.52	0.0
15.478	0.0
69.668	0.0
88.918	0.0
5.889	0.0
2.709	0.0
18.869	0.0
3.227	0.0
9.98	0.0
5.752	0.0
7.733	0.0
36.14	0.0
29.378	0.0
9.736	0.0
90.791	0.0
7.93	0.0
94.844	0.0
2.194	0.0
39.616	0.0
9.094	0.0
34.753	0.0
5.255	0.0
98.464	0.0
101.786	0.0
51.787	0.0
17.789	0.0
29.444	0.0
77.084	0.0
40.071	0.0
31.578	0.0
19.094	0.0
4.456	0.0
4.226	0.0
1.239	0.0
28.256	0.0
203.819	0.0
57.944	0.0
21.107	0.0
65.1	0.0
7.656	0.0
175.914	0.0
75.772	0.0
15.125	0.0
99.637	0.0
29.57	0.0
11.774	0.0
45.392	0.0
41.521	0.0
184.441	0.0
111.685	0.0
9.905	0.0
104.362	0.0
25.395	0.0
17.475	0.0
13.946	0.0
61.524	0.0
8.2	0.0
0.733	0.0
12.159	0.0
36.378	0.0
3.281	0.0
28.732	0.0
73.22	0.0
8.003	0.0
2.2	0.0
6.392	0.0
8.888	0.0
14.466	0.0
87.525	0.0
41.859	0.0
13.379	0.0
15.02	0.0
63.761	0.0
34.057	0.0
71.288	0.0
55.396	0.0
0.761	0.0
7.451	0.0
55.237	0.0
40.286	0.0
39.667	0.0
22.059	0.0
