map_1
	XhoI	XhoI	64.249	54.957	2.76	38.211	1.738	3.766	20.448	57.266	38.0	19.193	4.99	31.539	7.873	17.109	3.343	12.545	27.614	26.945	32.022	10.0	54.525	12.64	2.943	22.089	32.024	15.568	74.395	9.683	10.789	56.515	11.549	18.802	28.732	3.97	2.046	27.524	9.006	6.228	47.165	18.906	19.493	10.919

map_2
	XhoI	XhoI	15.489	49.737	33.673	54.262	57.077	47.537	2.08	13.176	174.37	115.055	20.503

map_3
	XhoI	XhoI	54.098	27.674	4.89	24.081	82.996	3.278	24.626	24.38	65.693	100.288	23.607	11.285	10.29	48.743	45.139	39.335	37.335	78.19	13.796	40.686	9.675	56.714	2.814	43.924	65.801	39.668	8.334	34.078	19.583	19.756

map_4
	XhoI	XhoI	4.053	7.982	16.629	99.316	24.946	66.199	45.798	28.048	20.608	14.864	22.268	40.93	1.721

map_6
	XhoI	XhoI	33.752	1.968	13.277	106.159	68.272	119.733	48.234	82.637	5.636	10.331	20.467

map_7
	XhoI	XhoI	88.487	28.277	4.761	108.091	3.003	25.838	23.999	67.249	68.225	30.854	25.782	11.655	3.409	34.424	20.933	43.642	36.799	36.273	74.788	3.333	13.555	27.912	13.954	7.864	1.96	52.081	3.058	4.219

map_8
	XhoI	XhoI	40.775	23.133	85.763	12.556	52.403	16.651	10.734	40.335	34.949	6.485	34.669	14.848	56.404

map_9
	XhoI	XhoI	3.166	14.397	12.044	19.463	7.858	107.174	0.598	26.238	63.384	32.958

map_12
	XhoI	XhoI	43.904	17.833	5.052	31.857	8.315	21.459	12.728	27.013	0.714	62.408	9.538	52.917	13.121	2.677	46.168	6.965	14.937	69.98	9.231	10.549	70.151	30.603	27.33	1.557	2.267	13.717	14.854	7.904	6.629	44.587	4.063	14.407	20.164	24.548	49.608	34.996	56.041	54.079	39.948

map_13
	XhoI	XhoI	7.739	2.236	12.693	115.048	190.465	46.159	77.828	15.052	69.25	3.72	13.618	84.398	14.908	16.313	114.285	33.581	24.623	85.331	3.182	25.733	22.923	65.186	72.216	53.068	10.941	3.411	35.936	19.615	41.234	67.51	79.33	3.302	41.456	13.642	8.036	1.58	64.713	47.03	25.261	45.994	38.136	8.102	4.691	52.07	28.367	80.718	6.689	29.062	18.904	60.199	12.626	0.549	34.165	8.029	18.382	93.787	24.738	67.242	41.114	46.362	15.223	22.197	42.473	43.261	22.012	47.168	37.794	89.74	38.899

map_15
	XhoI	XhoI	15.894	38.877	2.133	6.381	16.721	59.194	37.923	19.021	4.936	32.309	3.898	4.56	17.632	3.021	40.063	25.876	42.832	25.513	42.487	2.842	47.219	7.163	14.233	2.57

map_16
	XhoI	XhoI	68.149	9.945	10.149	62.688	11.172	18.746	32.725	2.566	2.0	11.737	15.866	15.18	46.615	4.624	14.32	20.269	14.123	12.572	45.569	90.855	100.611	16.218	115.636	32.074

map_17
	XhoI	XhoI	10.298	76.637	5.157	10.4	37.023	32.132	3.341	13.326	89.459	7.444

map_20
	XhoI	XhoI	106.816	3.258	14.024	25.914	14.114	7.951	1.684	59.929	42.51	66.281	38.161	7.744	4.742	32.726	19.28	16.537	53.573	38.249	6.299	27.848	4.675	14.693	55.819	13.064	12.635	19.378	8.392	105.551	37.993

map_21
	XhoI	XhoI	47.044	44.309	29.828	35.455	22.134	42.766	24.164	38.354	86.014	93.388	53.884	43.975	27.407	17.651	9.324	5.583	23.588	1.333

map_22
	XhoI	XhoI	21.946	55.462	2.69	38.821	5.524	3.046	77.737	36.497	19.844	15.263

map_23
	XhoI	XhoI	22.118	8.319	21.303	12.384	26.139	0.512	60.986	9.452	26.11	29.722	13.815	2.811	22.701	31.677	85.354	9.443	10.862	74.378	18.786	27.301	1.722	2.417	13.256	15.372	8.894	6.242	43.625	4.483	15.512	20.825	12.715	11.842	47.396	35.107	55.284	93.174

map_25
	XhoI	XhoI	5.233	15.122	83.164	0.654	5.155	9.981	38.046	32.778	3.303	99.464	15.147	16.136	113.332	30.323	4.888	106.308	2.827	26.889	24.867	69.779	65.091	28.689	23.973	11.206	3.502	7.22	28.097	19.9	82.71	13.559

map_26
	XhoI	XhoI	23.698	71.429	13.238	28.384	14.0	7.226	60.507	3.158	43.097	25.678	45.24	13.15

map_27
	XhoI	XhoI	23.181	4.282	14.424	72.1	12.199	19.263	7.59	18.294	89.821	24.786	64.511	42.637	28.191	21.19	22.611

map_28
	XhoI	XhoI	53.414	25.976	14.51	20.006	43.709	35.058	91.433	55.863	42.964	2.454	28.234	24.804	7.469	23.825	23.906	27.042	22.081	27.379	8.051	6.909	24.45	1.325	5.234	24.457	10.837	28.526	45.972

map_31
	XhoI	XhoI	18.927	9.732	28.293	30.076	12.977	2.732	43.929	6.97	14.279	70.519	9.936	10.198	52.034

map_32
	XhoI	XhoI	13.882	11.967	17.995	27.948	1.693	4.247	11.51	15.541	8.906	6.232	43.998	4.286	15.437	34.39	12.894	82.103	54.898	54.992	50.051	15.199	182.73	146.525	14.3	79.97	4.982	9.908	36.365	33.516	3.405	12.181	94.64	13.989	15.466	117.251	28.789	5.007	5.657

map_33
	XhoI	XhoI	40.224	69.551	103.306	24.479	10.635	2.997	6.635	27.668	18.204	47.336	26.17

map_34
	XhoI	XhoI	11.322	117.297	3.606	13.236	26.902	21.519	1.37	61.892	44.213	24.365	44.755	39.688	8.124	4.547	32.043	18.792	29.554	44.284	35.38	33.232	4.258	69.171	13.284	0.801	12.643	18.659	7.965	18.756	67.356

map_35
	XhoI	XhoI	26.44	26.061	61.85	42.612	26.137	19.654	37.905	41.974	26.0	38.424

map_37
	XhoI	XhoI	19.985	14.313	15.732	110.133	29.111	4.762	25.173	80.139	3.369	51.107	50.566

map_38
	XhoI	XhoI	16.831	68.73	29.345	24.277	11.182	3.102	35.547	19.3	46.585	38.977	38.126	74.177	3.288	37.6

map_39
	XhoI	XhoI	34.712	36.253	6.825	35.472	14.312	60.289	12.75	12.028	28.239	18.029	95.358	26.283	69.423	40.356	28.585	19.665	15.48	21.586	38.931	26.228	15.401	20.413	45.458	124.858	101.358	2.452	28.956	17.989	7.52	1.896	5.517	22.686	24.998	30.419

map_41
	XhoI	XhoI	57.431	55.954	38.577	3.516	4.385	17.438	3.005	12.808	28.203	0.724	26.42	33.325	9.549	27.508	29.02	13.705	25.342	6.343

map_42
	XhoI	XhoI	16.641	7.071	86.445	9.251	10.328	64.445	11.748	47.457	1.504	4.357	11.679	15.309	8.817	5.932	43.667	19.568	19.756	12.849	12.871	51.799	88.64	8.885

map_43
	XhoI	XhoI	77.492	118.171	32.983	15.557	80.411	5.453	10.599	38.684	34.183	16.366	85.93	14.681	131.723	28.391	4.631	25.097	82.908	3.243	57.635	137.996	28.876	24.334	11.573	3.342	7.295	28.841	20.78	79.044	36.323	81.048	13.335	28.439	22.088	1.439	58.84	3.192	45.94	70.35	39.26	12.641	25.309

map_44
	XhoI	XhoI	6.602	18.781	17.278	10.522	78.414	6.343	34.385	15.292	55.051	13.266	12.115	18.709	8.079	110.368	24.688	62.787	42.507	29.336	19.749	14.483	22.404	41.541

map_46
	XhoI	XhoI	2.897	45.678	4.038	14.456	20.006	12.89	12.018	48.337	34.778	56.644	53.99	48.441	2.06	13.786	85.684

map_47
	XhoI	XhoI	22.538	181.484	47.312	77.359	5.107	10.333	37.353	33.048	3.413	12.851	82.064	14.801	16.173	114.154	34.085	22.883	82.06	3.105	51.131	33.592

map_48
	XhoI	XhoI	34.628	99.68	33.996	3.301	7.36	28.349	20.588	83.304	36.95	79.801	3.579	13.363	27.364	3.145

map_49
	XhoI	XhoI	10.634	7.556	1.561	57.76	3.216	44.021	25.55	45.263	41.875	12.278	31.828	18.579	17.982	52.862	37.159	6.515	28.294	4.564	74.68	13.322	0.923	11.965	20.407	7.764	18.618	91.732	24.356	62.048	42.164	29.075	19.197	13.595	21.956	41.801	43.941	20.918	35.188

map_50
	XhoI	XhoI	44.075	88.74	58.28	43.06	28.2	18.165	9.855	5.487	24.597	23.045	28.38	37.643

map_53
	XhoI	XhoI	17.022	2.087	6.827	80.536	58.044	5.036	32.645	3.731	4.559	20.006	12.642	26.541	1.015	56.533	9.728	26.68	27.749	13.548	2.675	22.163	23.989	6.857	15.613	69.979	9.655	9.587	75.774	18.044	29.02	1.971	2.626	12.696	9.935

map_54
	XhoI	XhoI	4.814	15.663	50.026	15.079	22.941	12.627	13.25	46.607	33.924	56.329	59.055	46.063	14.38	180.727	114.648	45.023	83.627	5.053	10.309	35.561	31.504	17.019	86.796	15.307	15.712	106.132	28.914	5.06	24.365	51.433

map_55
	XhoI	XhoI	0.927	3.284	26.541	99.856	70.613	29.713	25.816	11.248	3.319	4.539

map_56
	XhoI	XhoI	7.052	23.417	1.45	61.014	43.895	24.996	84.937	7.974	37.407	17.948	28.768	41.651	37.935	35.865	18.822	75.016	12.354	19.44	8.382	116.123	26.553	63.694	42.054	48.525	36.833	41.234	42.703	20.271	48.572	35.969	8.549

map_58
	XhoI	XhoI	5.59	22.88	24.736	6.833	14.152	71.91	10.109	10.575	65.6	31.603	29.026	1.666	2.491	13.762	24.326	6.182	47.84	15.314	20.787	13.311	59.559	36.516	55.423	53.181	49.997	15.061	114.181	62.764	118.514	31.64	95.851	14.965	37.191	33.574	3.417	13.264	88.261	14.278	49.44

map_61
	XhoI	XhoI	5.358	3.479	42.31	14.391	8.164	1.786	61.955	3.067	44.777	24.765	43.678	46.715	35.17	18.77	17.019	9.943	41.419	4.987

map_62
	XhoI	XhoI	38.442	29.978	19.229	60.51	13.279	0.585	12.695	18.265	8.024	18.734	92.384	23.395	107.612	3.335

map_63
	XhoI	XhoI	24.53	19.472	15.595	65.621	28.155	14.91	66.667	36.362	87.273	54.701	40.114	30.042	17.556	7.857	1.604	5.293	23.761	24.737	28.911	25.031	25.877	8.233	6.994	23.017	1.411	5.091	23.376	11.029	28.016	43.616	50.762	50.911

map_66
	XhoI	XhoI	28.424	57.523	57.147	46.511	2.188	13.554	106.928	69.19	120.97	30.403	14.302	78.608	5.088	47.742	31.231	16.053	91.312	14.697	15.687	122.193

map_68
	XhoI	XhoI	60.869	30.09	24.192	10.587	3.088	7.375	28.019	19.671	46.745	68.341	73.045	3.201	14.029	25.977	14.486	8.018	1.719	59.049	3.309	45.733	26.244	24.337

map_69
	XhoI	XhoI	20.883	39.032	8.226	4.861	50.515	17.102	10.23	39.737	36.892	6.439	28.504	4.477	14.59	56.778	13.397	32.411	26.115	9.774

map_71
	XhoI	XhoI	23.517	27.356	15.206	20.946	45.903	34.89	83.702	55.437	43.088	2.478	26.572	17.963	7.431	1.718	5.409	23.236	23.834	52.047	27.226	6.93

map_73
	XhoI	XhoI	19.767	29.618	118.129	33.506	114.022	3.148	25.839	23.292	140.986	54.539	11.405	3.452	6.933	28.172	19.088	19.466

map_74
	XhoI	XhoI	26.714	81.154	81.234	40.393	14.014	8.411	1.889	56.947	3.147	46.674	23.696	45.326	39.263	12.701	32.064	5.181

map_75
	XhoI	XhoI	9.43	4.47	15.321	60.333	13.184	32.68	8.214	17.957	90.259	24.169	103.719	0.582	27.506	19.459	15.071	64.463	25.299	16.157	20.819	45.861	136.221	54.377	39.645	29.465	18.014	7.686	2.04	5.827	21.7	23.302	27.599	56.254	8.601	6.942	25.431	1.515	4.921	24.609	38.74	43.436	50.917	51.769	17.746	38.554	4.644	39.726	17.914	61.292	27.519	14.575	75.743	55.925	2.54	40.335	3.535	19.01	60.393	56.205	38.516	3.637	21.793	2.641	12.604	27.191	0.712	60.375	9.827	29.481	40.944	2.82	21.396	23.01	7.227	14.999	72.736	9.531	79.181	11.723	17.509	29.048	2.397	2.119	11.6	15.57	8.635	5.856	45.781	3.997	15.75	19.522	12.132	12.602	49.505	33.363	14.15

map_78
	XhoI	XhoI	5.933	109.108	26.26	5.039	24.968	82.421	3.392	26.653	98.754	70.037	30.938	24.957	11.191	11.001	48.986	46.0	41.453	39.487	77.773	14.155	28.461	20.842	1.301	58.153	44.98	23.717	26.772

map_79
	XhoI	XhoI	18.764	43.183	4.518	30.392	17.271	17.663	11.113	41.217	37.769	35.703	18.073	60.134	13.179	12.955	19.365	24.612	90.053	94.952	44.843	27.993	20.307	15.248	21.214	17.226

map_80
	XhoI	XhoI	8.497	15.786	20.94	44.537	35.636	149.202	39.363	2.042	27.593	18.475	9.607	5.559	21.935	23.888	3.58

map_83
	XhoI	XhoI	73.408	36.111	18.926	4.636	33.309	3.671	4.676	16.718	16.341	28.685	58.659	10.253	27.23	41.694	2.851	21.451	23.035	6.923	86.262	9.791	10.285	66.522	11.753	18.675	30.407	4.006	13.668	14.801	8.991	6.115	43.614	4.134	14.78	20.67	13.294	12.026	50.031	88.483	52.145	50.165	2.23	13.554	110.543	69.402	140.583	15.554	57.832

map_84
	XhoI	XhoI	21.033	15.066	36.079	33.347	15.959	85.124	14.968	131.922	33.633	24.951	84.991	3.298	24.739	24.934	72.259	98.991	22.853	10.744	10.0	26.822	6.709

map_85
	XhoI	XhoI	3.266	83.487	41.228	14.634	8.274	1.64	58.25	3.15	47.535	23.061	85.484	8.347	4.688	31.696	19.191	27.818	43.274	44.848	29.347	4.622	15.064	40.559

map_86
	XhoI	XhoI	21.689	13.779	0.698	12.788	26.379	17.33	82.0	23.913	68.675	44.007	28.622	20.931	15.018	63.185	25.874	15.399	20.896	44.32	32.939

map_89
	XhoI	XhoI	5.181	3.431	7.203	47.043	78.646	109.182	3.478	14.071	26.956	14.088	7.937	1.638	61.602	46.15	24.683	45.448	40.879	13.072	32.617	18.428	16.232	10.296	43.554	8.32

map_90
	XhoI	XhoI	4.884	13.24	12.078	18.51	26.377	92.741	25.74	68.766	41.629	28.116	36.103	66.608	8.159

map_91
	XhoI	XhoI	17.237	36.263	47.302	36.286	144.311	43.229	2.424	27.083	23.963	7.401	23.013	53.635	25.163	25.813	8.565	6.825	23.435	1.689	4.992	25.427	11.297	15.187

map_93
	XhoI	XhoI	9.777	56.883	2.741	38.988	5.815	2.553	17.045	63.953	58.417	4.616	32.415	3.789	4.652	17.789	15.725	28.675	0.613	32.92

map_94
	XhoI	XhoI	26.414	9.82	28.951	39.052	2.559	21.553	31.45	15.651	76.413	10.611	66.786	31.246	29.038	1.493	2.294	1.675	12.449	15.272	8.702	6.161	44.68	3.991	1.928

map_95
	XhoI	XhoI	37.015	55.931	45.322	1.83	12.839	108.123	62.881	111.623	45.575	73.755	5.536	10.639	35.763	32.286	3.556	12.434	86.312	13.677	15.833	106.198	28.339	4.621	25.555	88.868	3.406	50.268	136.191	29.268	25.668	15.098	7.076	30.212	19.208	42.784	36.14	117.562	3.725	13.829	25.864	14.166	9.657	63.542	3.198	46.764	24.117	41.986	46.428	4.52	33.369	18.522	26.52	41.213	36.098	5.93	29.687	4.602	76.8	13.479	0.55	13.239	18.537	7.854	17.003	18.949

map_97
	XhoI	XhoI	36.006	34.974	17.418	5.127	35.391	21.868	2.748	12.791	29.25	26.332	41.207	27.912	29.633	16.06	20.691	24.46	7.086	88.636	9.863	79.399	11.419	18.568	27.94	1.463	2.435	14.192	15.117	8.539	53.342	19.382	20.083	25.583	49.196	85.034	57.91	47.398	2.092	13.252	58.769

map_98
	XhoI	XhoI	119.99	113.266	31.249	15.072	84.217	4.867	47.867	32.985	14.987	80.928	14.991	16.553	15.902

map_100
	XhoI	XhoI	30.414	81.009	40.846	13.965	7.733	1.479	53.52	3.319	46.697	25.258	2.925

map_101
	XhoI	XhoI	77.929	13.192	32.469	18.028	17.234	11.202	41.037	37.294	6.572	29.24	4.503	15.216	62.834	12.689	11.975	18.237	8.423	110.318	24.764	67.613	42.182	0.557	29.841	20.568	14.704	20.906	68.376	15.946	66.683	36.207	149.913	43.583	30.371	23.81	1.733	5.485	22.574	25.141	52.89	36.86	7.008	24.488	6.648	34.222	4.861

map_103
	XhoI	XhoI	41.762	38.344	3.646	4.493	17.71	3.004	43.412	1.154	26.049	34.294	9.359	56.063	13.736	2.811	21.734	23.623	6.97	90.253	9.669	10.353	65.247	11.928	48.447	1.346	2.229	1.998	12.096	23.669	6.429	45.803	4.216	33.879	12.573	12.155	76.91	56.619	56.526	50.854	15.337	54.24

map_104
	XhoI	XhoI	54.784	65.507	122.477	33.375	14.858	86.464	0.577	5.266	11.072	36.914	32.198	3.421	13.607	90.403	14.325	15.392	108.586	34.146	111.541	3.182	26.523	94.083	67.086	29.665	23.988	11.25	3.507	1.532

map_105
	XhoI	XhoI	5.331	28.282	17.875	44.759	38.256	37.685	79.839	3.587	12.913	26.886	14.446	7.736	1.784	20.787

map_106
	XhoI	XhoI	37.606	3.239	44.444	24.668	43.221	42.05	12.356	33.028	18.459	16.83	11.009	43.161	43.158	35.009	13.743	1.149

map_107
	XhoI	XhoI	6.913	12.821	19.849	24.105	94.318	23.826	111.398	30.227	20.153	0.851

map_108
	XhoI	XhoI	13.826	21.994	40.758	44.949	67.191	33.186	95.836	53.188	41.39	0.572

map_111
	XhoI	XhoI	18.024	95.207	64.499	29.82	35.751	10.599	27.598	20.14	44.648	36.802	109.498	3.537	12.614	25.596	13.22	7.832	1.252	57.055	3.308	44.472	69.848	16.84

map_112
	XhoI	XhoI	21.762	6.091	29.52	4.699	73.891	13.556	1.161	33.031	8.317	17.76	86.389	87.009	45.645	29.385	20.067	14.748	20.35	18.625

map_114
	XhoI	XhoI	9.286	5.11	31.249	8.328	17.622	15.8	27.93	27.232	35.498	10.176	25.793	29.784	12.401	3.061	22.052	24.8	7.221	15.455	70.757	9.722	10.061	64.47	11.345	19.704	27.911	3.948	1.741	11.669	15.353	9.027	6.028	47.776	15.603	35.028	12.545	10.571

map_115
	XhoI	XhoI	104.976	63.343	146.433	15.277	77.47	0.731	15.219	35.485	33.069	3.455	12.515	86.626	14.953	16.16	134.928	4.952	23.831	83.996	3.439	24.12	24.953	125.662	39.645

map_116
	XhoI	XhoI	28.761	3.36	13.748	25.451	22.366	59.779	49.252	24.81	45.459	38.561	8.714	4.878	30.092	17.829	16.924	10.958	40.922	43.209	28.255	4.597	13.822	60.328	12.897	11.755	25.353	75.751

map_117
	XhoI	XhoI	41.51	34.996	92.044	97.884	2.466	27.901	18.236	7.661	1.914	29.537	49.374	22.366	26.71	8.233	6.499	24.179	1.345	29.77	35.928	44.032	101.845	16.373	36.467	5.053	33.086	74.151	28.495	15.107	129.14	2.909	37.534	5.984	19.909	93.373	10.262

map_119
	XhoI	XhoI	5.014	27.733	40.291	2.642	21.775	23.405	6.913	15.046	75.265	9.836	10.874	66.294	12.385	18.323	27.503	1.291	2.448	2.019	25.598	8.953	5.864	49.43	15.363	20.351	12.943	11.99	83.756	53.407	59.233	45.693	2.232	13.242	116.69	4.142

map_120
	XhoI	XhoI	65.234	114.891	33.324	15.021	79.345	5.008	46.988	35.167	3.387	97.901	14.038	17.301	105.675

map_121
	XhoI	XhoI	2.093	28.797	4.733	24.61	85.602	3.304	26.081	92.419	71.489	30.057	34.388	3.148	35.001	18.833	41.851	36.692	36.599	28.504

map_122
	XhoI	XhoI	48.073	3.316	38.547	14.336	7.796	1.768	54.147	3.203	44.833	25.552	47.904	40.335	7.976	4.495	51.709	26.432	42.477	45.354	29.657	4.967	14.456	4.781

map_124
	XhoI	XhoI	17.299	26.682	18.409	14.197	21.733	42.031	27.093	15.483	21.177	46.247	33.868	91.1	53.339	42.472	2.363	28.659	7.122

map_126
	XhoI	XhoI	33.504	2.123	3.779	2.967	17.625	65.572	35.188	18.393	4.909	31.953	8.24	18.662	15.332	27.173	24.532	33.04	9.287	28.471	28.262	13.54	2.923	21.898

map_127
	XhoI	XhoI	24.492	6.738	14.562	68.816	20.141	77.48	18.016	28.397	1.496	2.398	1.787	11.425	15.516	8.673	6.286	46.284	4.298	15.888	20.166	12.909	12.752	46.095	35.491	52.19

map_128
	XhoI	XhoI	1.112	55.251	51.855	2.122	13.538	107.688	173.899	31.119	14.467	79.521	4.816	10.234	37.37	32.524	15.916	97.793	16.382	110.061	34.314	25.431	81.303

map_129
	XhoI	XhoI	6.811	24.397	11.464	10.219	28.266	19.369	43.432	40.168	113.627	3.516	13.888	40.27	8.082	1.536	56.295	47.894	25.322	47.317	45.733	4.392	53.406	20.368

map_130
	XhoI	XhoI	57.582	87.403	42.39	28.055	19.664	14.665	20.66	41.428	25.07	14.719	63.503	36.794	63.826

map_132
	XhoI	XhoI	2.438	1.92	12.252	16.442	8.538	6.531	43.888	4.195	33.762	13.395	58.843	34.314	38.69

map_133
	XhoI	XhoI	15.706	56.144	48.464	2.278	12.783	178.337	119.548	32.658	14.483	75.843	5.324	10.25	64.032	15.893	89.276	14.364	16.832	114.956	29.933	4.904	24.793	26.552

map_134
	XhoI	XhoI	56.831	34.086	36.524	3.367	6.562	28.387	19.319	47.24	73.664	77.938	3.365	13.046	26.003	14.312	8.075	1.671	58.241	3.083	42.897	25.396	46.334	40.559	13.378	32.289	18.092	17.875	10.555	43.581	45.793	18.273

map_135
	XhoI	XhoI	10.146	4.59	15.076	74.516	0.555	12.531	19.561	7.778	16.691	93.642	24.513	57.642

map_136
	XhoI	XhoI	54.466	28.533	20.805	15.574	21.09	70.058	15.2	67.741	33.745	139.764	40.318	31.236	17.507	7.624	1.965	5.415	22.707	23.594	28.921	26.053	27.773	8.389	6.603	27.661	29.435	10.493	28.876	40.873	45.798	53.483	17.06	43.034	5.38

map_138
	XhoI	XhoI	35.774	1.932	12.397	110.486	68.902	114.585	34.342	14.832	76.118	5.029	10.751	34.915	31.624	3.325	80.559

map_139
	XhoI	XhoI	2.117	72.452	51.416	11.261	10.324	30.831	19.43	46.017	41.537	37.012	75.282	3.634	13.517	27.62	14.183	8.103

map_140
	XhoI	XhoI	48.827	45.916	25.458	43.165	40.312	12.569	33.422	18.97	17.557	10.702	43.752	38.465	6.098	26.8	4.215	73.352	12.249	12.524	18.555	8.593	17.632	88.504	85.016	41.159	28.684	36.468	21.97	70.498	14.873	21.077	48.922	26.352

map_141
	XhoI	XhoI	9.985	144.584	40.8	2.096	43.914	7.6	1.732	5.757	23.714	54.664	24.825	28.467	15.982	23.735	1.765	4.894	25.371	11.016	26.043	41.138	53.072	51.559	17.071	42.962	50.73	59.549	7.804

map_144
	XhoI	XhoI	28.876	3.517	4.484	17.845	3.09	12.641	28.043	28.375	35.448	9.652	26.481	27.937	15.904	20.274	22.809	6.977	15.378	72.346	18.596	63.72	11.881	18.82	28.37	1.548	2.745	1.822	11.795	15.061	8.652	6.032	43.809	4.295	14.41	31.924	11.616	49.564	32.492	54.187	105.693	2.032	13.482	109.728	1.849

map_145
	XhoI	XhoI	93.761	32.736	14.3	77.763	5.252	10.882	38.206	38.099	12.217	29.07

map_146
	XhoI	XhoI	17.949	84.429	3.075	26.302	24.46	71.076	78.805	29.175	23.981	11.085	3.404	6.745	6.154

map_147
	XhoI	XhoI	22.798	19.402	45.827	40.129	37.135	80.61	13.355	41.424	7.87	1.826	15.395

map_148
	XhoI	XhoI	42.623	3.292	44.251	70.831	40.125	12.896	30.337	18.896	27.193	45.895	6.69

map_149
	XhoI	XhoI	31.618	35.35	4.529	75.104	13.077	12.036	26.056	18.36	92.439	23.617	58.031	43.229	27.71	19.426	15.385	21.581	41.78	26.261	15.274	21.358	49.264	34.54	93.75	59.054	42.076	29.509	18.987	7.396	1.836	5.392	23.317	23.017	27.513	24.696	28.073	8.056	6.831	24.349	1.753	5.057	25.374	11.361	27.915	46.074	13.488

map_151
	XhoI	XhoI	9.909	2.971	21.047	25.142	7.04	14.598	74.581	9.743	10.884	61.844	12.132	19.251	28.974	2.465	1.733	11.902	15.05	8.833	49.172	19.57	20.379	12.319	12.85	31.177

map_152
	XhoI	XhoI	15.547	33.636	51.379	55.411	49.116	2.326	13.844	114.649	63.785	26.857

map_153
	XhoI	XhoI	91.74	30.842	14.321	80.635	5.145	10.14	37.085	33.102	3.716	13.068	87.97	14.34	15.444	104.725	29.471	5.036	23.597	82.519	3.141	24.397	23.513	14.167

map_154
	XhoI	XhoI	125.966	29.743	24.904	11.087	3.217	6.75	26.632	18.904	45.187	38.341	115.183	3.547	12.556	27.249	21.443	1.817	57.448	3.32	43.265	69.273	51.392	4.555	32.118	19.512	17.058	10.081	78.32	6.257	29.358	4.447	14.611	58.222	13.568	12.347	18.83	8.106	18.573	91.366	24.555	64.292	43.369	45.716	12.652

map_155
	XhoI	XhoI	5.543	116.362	95.668	29.467	17.85	7.687	1.69	5.75	23.162	23.575	51.283	33.737	6.684	24.753	6.785	36.518	27.195	23.968

map_157
	XhoI	XhoI	19.889	54.98	4.65	32.864	7.795	20.75	12.335	27.689	0.799	59.748	9.548	54.028	14.006	2.706	22.161	25.344	6.656	84.312	20.793	63.866	11.657	18.562	29.477	4.18	2.176	11.546	15.522	8.61	6.274	45.203	4.258	14.29	20.867	12.582	62.699	90.026	58.016	16.958

map_158
	XhoI	XhoI	29.751	1.762	12.825	116.313	65.845	118.839	32.022	14.921	78.621	0.817	4.916	5.094

map_159
	XhoI	XhoI	5.185	38.069	33.219	3.267	12.848	89.776	13.816	16.627	121.005	27.85	31.648	83.313	24.823	24.466	67.592	70.021	32.355	22.127	10.954	3.177	7.124	28.724	20.389	44.928	75.496	79.36	39.028	14.19	7.797	1.553	58.288	47.026	67.465	45.935	4.991	32.928	17.552	29.231	87.214	6.418	29.688	4.594	14.839	39.97

map_160
	XhoI	XhoI	2.386	13.2	13.584	26.86	17.304	93.84	25.085	108.45	28.167	19.655	14.725	21.652	42.023	25.533	14.284	21.872	78.219	144.888	44.135	26.739	17.423	7.744	7.3	22.788	25.746	28.211	24.642	25.432

map_162
	XhoI	XhoI	14.584	9.644	27.502	28.773	13.4	2.909	21.51	24.12	6.787	14.586	68.946	10.26	10.409	66.339	11.754	19.85	29.692	1.277	2.537	1.752	10.949	15.962	14.076	41.105	4.153	14.912	21.26	12.552	12.483	77.626	54.98	52.818	49.678	15.449	108.059	66.931	92.526

map_163
	XhoI	XhoI	29.15	33.492	14.007	84.189	4.719	9.848	37.829	30.848	16.941	86.361	14.499	121.404	28.699	4.848	23.749	10.312

map_165
	XhoI	XhoI	17.197	13.054	28.085	14.99	7.704	60.889	2.967	46.354	24.923	88.134	8.306	4.898	31.938	17.865	16.965	10.133	81.791	34.922	4.704	14.767	59.821	13.135	12.88	19.51	7.727	17.687	94.936	56.275

map_166
	XhoI	XhoI	34.174	44.668	28.423	20.556	15.419	21.023	40.977	27.698	15.479	20.277	47.03	35.807	90.365	56.096	39.263	2.698	27.769	18.321	7.445	2.042	5.577	23.919	24.049	30.066	23.671	25.81	14.697	23.319	7.026	18.367

map_169
	XhoI	XhoI	27.343	9.32	10.126	69.041	32.46	30.326	1.424	2.245	14.092	15.532	8.095	6.045	43.277	4.345	13.537	18.966	12.692	12.39	83.12	2.581

map_170
	XhoI	XhoI	53.121	56.08	48.465	1.865	13.198	113.873	187.286	32.016	14.391	82.263	15.195	37.201	33.628	3.167	12.829	34.609

map_171
	XhoI	XhoI	52.174	14.554	15.471	127.155	4.784	21.805	88.057	3.047	50.95	68.806	71.822	29.83	24.934	10.915	3.349	6.99	27.494	18.876	44.311	37.556	34.423	76.719	17.469	30.122	21.007	1.515	59.954	3.304	45.358	5.157

map_172
	XhoI	XhoI	37.324	27.883	41.46	37.759	6.232	28.809	4.529	14.862	59.555	13.267	0.681	11.688	28.016	95.062

map_173
	XhoI	XhoI	1.032	23.167	63.409	48.175	0.583	25.867	20.023	15.118	20.924	41.445	27.22	15.091	19.952	82.116	150.406	37.978	2.364	26.888	18.018	7.915	1.858	5.321	22.892	9.304

map_174
	XhoI	XhoI	17.861	33.027	9.532	26.016	27.601	12.669	2.782	46.524	22.186	77.169	20.311	64.128	12.247	19.499	29.575	2.535	1.757	11.558	24.971	6.108	47.238	4.016	14.746	32.851

map_175
	XhoI	XhoI	41.668	47.671	2.025	13.129	117.058	65.115	119.319	32.512	95.861	0.507	4.67	10.6	38.924	31.115	3.63	13.217	102.7	15.316	103.678	28.971	4.921	23.891	81.887	3.318	26.334	91.923	69.495	31.236	24.548	10.705	9.981	14.923

map_176
	XhoI	XhoI	12.863	64.01	40.382	110.563	16.533	27.334	14.18	7.259	1.41	60.167	3.232	68.573	80.7	12.807	18.731

map_177
	XhoI	XhoI	32.71	17.713	10.396	42.949	38.679	6.418	26.749	4.38	14.942	61.095	13.571	0.507	31.757	8.123	107.518

map_178
	XhoI	XhoI	70.868	139.21	44.226	46.464	7.496	1.998	5.346	23.725	24.198	53.117	27.142	8.394	30.385	6.825	36.647	28.563	43.261	103.455	16.645	41.098	34.151	17.364	54.816	29.004	14.314	74.739	58.103	3.031	38.134	2.039	3.803	2.706	16.386	64.338	36.496	24.087	32.847	3.628	4.729	21.726	12.397	28.808	0.833	9.367

map_180
	XhoI	XhoI	62.329	10.037	9.926	60.134	29.206	30.52	2.359	2.114	25.827	8.346	6.004	47.662	4.279	35.381	12.51	12.014	68.274

map_181
	XhoI	XhoI	72.437	55.592	52.833	14.616	110.159	66.654	114.748	29.832	15.178	79.562	5.183	10.402	38.048	34.586	3.626	13.039	68.788

map_182
	XhoI	XhoI	20.934	14.366	15.598	120.39	29.948	4.96	26.431	86.318	27.474	25.666	68.073	64.71

map_183
	XhoI	XhoI	0.966	30.586	24.799	11.36	3.365	7.109	28.521	20.631	43.196	38.853	35.736	86.209	40.327	14.216	7.669	1.854	56.731	3.215	17.512

map_184
	XhoI	XhoI	7.916	41.243	40.049	33.651	4.574	14.552	60.201	13.632	13.055	20.137	8.142	17.949	86.857

map_185
	XhoI	XhoI	7.74	25.078	65.805	40.241	27.851	20.693	37.498	39.254	40.511	67.183	35.021	90.175	54.297	43.266	2.366	46.09	7.3	2.015	5.595	22.954	22.519	28.931	24.617	28.453	8.704	6.803	25.345	6.577	22.712	11.804	27.08	44.766	52.955	27.674

map_187
	XhoI	XhoI	12.561	10.359	65.33	11.268	18.466	30.309	1.756	2.501	13.673	14.897	8.662	6.278	46.127	4.169	32.936	12.892	12.155	51.043	35.639	55.576	56.463	15.781

map_188
	XhoI	XhoI	25.479	65.637	111.809	32.091	14.318	78.529	0.735	15.26	74.66	3.406	12.361	80.281

map_189
	XhoI	XhoI	20.699	120.303	28.072	4.648	23.521	96.466	51.538	70.098	65.898	29.249	24.358	14.563	6.883	27.423	2.893

map_190
	XhoI	XhoI	71.493	36.998	81.329	3.515	12.894	27.87	13.777	7.807	1.613	61.441	3.14	70.266	44.852	39.637	7.824	4.709	34.085	19.108	17.728	10.959	43.28	38.114	6.368	27.76	4.33	75.377	13.893	12.454	18.773	8.255	18.083	91.753	24.82	66.13	42.364	27.716	35.781	21.271	41.063	26.23

map_191
	XhoI	XhoI	0.552	36.059	78.799	91.391	98.455	2.361	28.74	18.532	7.658	1.974	5.353	23.145	24.712	28.224	23.932	13.691

map_193
	XhoI	XhoI	27.344	27.265	43.451	2.546	22.041	23.542	6.688	84.89	19.305	63.024	12.153	18.456	28.533

map_194
	XhoI	XhoI	1.595	2.406	1.755	11.836	15.069	8.694	6.324	45.966	3.957	15.294	19.823	25.591	45.124	33.854	53.597	55.32	39.187

map_195
	XhoI	XhoI	12.553	14.984	117.329	68.356	116.139	33.756	15.164	80.404	0.643	5.228	50.168	35.578	12.842	25.724

map_196
	XhoI	XhoI	60.273	14.299	136.561	29.187	4.866	24.961	85.102	29.127	96.775	74.276	56.052	10.756	3.546	6.853	28.692	20.225	88.631	34.888	79.673	3.598	12.948	41.487	7.716	1.728	58.458	3.195	19.956

map_197
	XhoI	XhoI	25.959	26.141	44.468	40.933	8.56	4.625	30.05	34.696	10.955	45.601	35.6	6.441	28.235	4.402	14.764	59.254	13.292	0.56	30.684	8.038	16.92	90.407	24.486	107.684	48.523	14.969	61.197	23.891	15.384	20.637	41.208

map_198
	XhoI	XhoI	4.2	33.938	90.009	58.547	38.513	2.425	27.223	18.318	7.456	7.45	22.626	23.065	29.372	24.057	27.681	8.049	6.936	23.302	1.416	5.159	6.364

map_200
	XhoI	XhoI	59.427	58.963	2.569	37.885	1.954	3.742	2.796	18.104	59.82	57.541	4.886	35.075	22.432	2.911	13.412	28.74	27.975	10.444

map_201
	XhoI	XhoI	33.503	28.481	28.184	15.729	22.572	31.171	89.75	20.76	62.705	11.134	19.31	28.266	1.581	2.528	14.036	15.446	8.898	6.172	46.668	19.476	20.418	12.79	12.806	47.321	33.84	56.795	108.733	2.042	13.039	84.781

map_203
	XhoI	XhoI	2.329	32.63	3.394	12.971	88.801	29.426	113.149	29.403	4.808	23.992	84.911	28.964	93.639	66.106	31.129	25.055	10.969	3.071	6.866	29.165	20.383	43.491	3.702

map_204
	XhoI	XhoI	70.097	76.512	3.105	13.394	42.474	8.02	1.473	61.625	42.398	24.53	45.334	49.853	4.567	9.26

map_205
	XhoI	XhoI	24.059	18.217	17.907	10.86	42.327	36.595	6.444	29.898	19.46	60.479	13.003	0.609	11.425	26.331	17.959	98.687	24.719	100.376	47.73	4.039

map_208
	XhoI	XhoI	52.546	13.03	2.741	22.236	24.171	7.326	14.455	75.547	9.749	75.328	12.041	18.902	19.438

map_209
	XhoI	XhoI	10.304	3.908	2.029	11.636	15.712	8.695	6.124	44.04	4.016	15.716	19.736	12.83	59.637	34.096	31.813

map_210
	XhoI	XhoI	34.626	69.409	119.536	32.487	14.492	75.881	5.547	47.54	32.975	3.67	13.155	81.268	14.2	16.23	106.757

map_211
	XhoI	XhoI	5.83	27.5	4.81	23.035	80.209	3.224	49.497	151.297	31.785	23.661	11.473	3.178	37.382	20.741	44.273	38.042	109.229	16.345	39.643	8.049	1.805	61.764	3.132	22.249

map_212
	XhoI	XhoI	22.233	24.833	40.972	39.793	8.112	4.616	48.641	18.175	9.636	77.499	6.728	30.428	4.355	14.878	60.516	13.682	0.65	12.615	20.597	7.876	18.31	87.168	23.463	66.115	42.125	27.233	20.217	15.046	21.085	6.358

map_213
	XhoI	XhoI	35.345	24.44	15.719	21.04	44.111	36.823	91.563	53.942	43.742	27.444	24.866	1.719	5.641	8.878

map_216
	XhoI	XhoI	1.709	34.718	56.005	55.151	48.037	2.128	13.111	110.609	65.029	116.315	32.459	14.807	83.36	5.399	10.231	37.211	33.115	3.463	12.408	90.344	4.359

map_218
	XhoI	XhoI	16.665	11.15	3.411	6.904	27.01	18.817	43.264	39.536	35.613	74.727	16.689	27.181	14.064	7.887	1.423	61.388	3.193	8.359

map_219
	XhoI	XhoI	35.12	23.821	47.358	48.11	4.581	31.771	37.165	10.163	42.227	38.539	6.647	32.866	14.015	55.549	13.419	13.119	20.206	27.329	4.493

map_220
	XhoI	XhoI	2.91	42.152	40.243	21.684	43.406	38.319	94.149	60.417	42.752	2.149	27.206	26.172	6.997	23.534	3.067

map_222
	XhoI	XhoI	24.364	39.386	23.488	32.712	3.828	22.343	2.895	41.403	1.128	62.126	9.872	26.832	39.414	2.718	47.039	7.02	15.417	69.88	9.507	10.087	3.654

map_223
	XhoI	XhoI	62.844	30.292	29.626	1.425	2.379	13.681	15.427	8.499	6.242	46.208	4.336	15.63	20.422	12.118	12.631	46.511	34.92	55.118	56.625	47.963	2.26	13.967	119.629	17.59

map_224
	XhoI	XhoI	7.947	86.145	25.438	91.92	100.717	23.426	11.508	3.172	35.638	18.082	43.959	38.337	22.421

map_225
	XhoI	XhoI	13.76	73.444	3.521	12.671	26.148	14.296	7.834	58.601	46.837	26.556	83.12	8.198	4.745	3.757

map_226
	XhoI	XhoI	28.161	18.965	28.634	44.743	36.406	6.651	28.946	4.655	13.479	69.339	12.649	18.727	8.195	17.361	90.857	24.224	65.96	47.391	29.123	19.921	15.387	21.818	36.964	25.411	15.637	62.082	34.387	90.113	95.833	2.324	27.866	18.361	7.92	7.227	23.161	22.562	28.207	24.79	26.725	8.663	6.778	24.535	6.63	24.52	11.204	26.527

map_228
	XhoI	XhoI	73.005	18.856	30.137	4.414	11.409	16.16	8.715	6.139	46.351	4.228	15.231	20.783	12.96	12.843	50.051	33.695	54.616	56.023	47.789	2.36	13.441	104.952	65.251

map_229
	XhoI	XhoI	15.488	32.818	16.864	103.784	127.54	28.396	28.943	83.099	3.083	25.71	25.594	34.597

map_231
	XhoI	XhoI	29.653	35.946	77.505	3.331	13.07	28.292	13.726	8.036	1.762	57.971	2.994	45.046	24.008	42.871	41.013	8.187	4.527	33.596	18.655	16.065	10.268	5.594

map_232
	XhoI	XhoI	77.652	6.504	27.01	4.493	15.017	60.306	13.384	13.038	19.65	7.856	17.639	57.056

map_233
	XhoI	XhoI	8.39	42.822	26.202	15.871	19.418	44.558	34.394	85.547	55.002	43.169	2.252	49.995	7.86	2.0	5.602	23.106	24.433	29.609	22.875	27.197	8.846	33.079	6.31	23.198	38.056	43.827	49.912	48.145	16.69	15.037

map_235
	XhoI	XhoI	1.672	9.59	27.149	27.347	13.662	25.318	25.31	6.607	83.888	9.879	10.041	61.692	11.552	13.222

map_237
	XhoI	XhoI	13.749	33.844	95.406	16.122	35.454	33.064	16.028	88.741	13.953	16.024	134.831	4.776	21.679	87.273	3.254	27.75	24.715	65.777	70.35	31.894	23.707	9.974	3.452	7.041	28.43	18.671	45.074	38.724	35.442	78.513	3.327	41.508	13.919	8.058	1.642	57.216	3.146	44.126	24.452	45.84	46.173	4.416	32.787	20.102	18.272	52.794	9.878

map_238
	XhoI	XhoI	25.879	6.367	28.939	4.673	70.376	12.689	33.117	8.606	17.009	82.25	26.264	69.478	32.35

map_239
	XhoI	XhoI	9.513	28.862	20.387	14.488	22.792	38.707	39.43	65.283	34.416	85.947	56.102	38.98	29.889	18.054	9.395	26.88	24.339	27.646	48.428	8.378	6.843	25.542	1.37	4.867	24.233	37.086	43.512	73.76

map_240
	XhoI	XhoI	12.639	3.689	2.948	16.803	63.195	39.893	18.66	4.91	32.692	8.009	16.169	16.062	27.102	0.939	26.788	34.5	9.906	26.485	30.714	12.663	2.671	22.426	31.072	86.077	9.355	10.413	74.24	19.38	26.887	1.66	2.498	14.242	23.782	5.87	51.63	35.616	12.104	12.424	49.043	35.721	51.889	13.158

map_242
	XhoI	XhoI	64.955	33.73	94.817	5.584	10.121	35.118	32.35	3.388	94.872	29.268	114.045	28.717	4.75	33.642

map_243
	XhoI	XhoI	78.582	28.931	93.879	71.08	31.215	36.974	3.428	7.15	29.841	20.487	45.218	74.37	76.664	3.512	13.302	26.293	21.709	1.244	61.227	49.654	23.591	45.063	39.345	7.708	35.956	18.232	18.213	10.644	42.717	37.937	6.721	32.208

map_244
	XhoI	XhoI	13.779	70.648	11.775	18.858	25.252	95.932	24.299	111.697	28.628	20.427	15.337	22.125	19.156

map_245
	XhoI	XhoI	47.178	15.38	19.909	44.178	33.121	84.392	55.185	39.284	31.044	18.957	7.775	7.307	23.1	22.641	29.882	24.344	28.396	8.209	30.686	6.597	23.855	11.237	74.384	9.391

map_246
	XhoI	XhoI	38.683	2.895	37.622	2.348	3.782	2.895	16.822	58.802	36.1	20.573	4.849	32.743	3.669	4.262	18.397	3.081	12.95	27.597	25.822	32.701	9.651	26.812	27.359	12.795	2.74	22.133	30.813	48.506

map_247
	XhoI	XhoI	1.158	1.151	2.708	1.877	11.77	24.3	6.067	44.124	4.09	14.817	33.174	13.032	49.701	34.106	55.818	6.009

map_249
	XhoI	XhoI	102.813	32.4	92.07	5.285	10.526	36.868	32.558	3.674	13.36	81.999	14.339	119.239	28.421	5.269	24.966	81.467	3.374	25.909	10.028

map_251
	XhoI	XhoI	14.313	44.366	39.453	36.126	77.155	17.518	28.159	13.525	7.606	1.983	60.664	3.436	47.811	24.501	11.215

map_252
	XhoI	XhoI	34.504	36.405	8.066	4.44	32.694	36.469	10.653	79.823	6.636	28.691	4.576	15.048	70.1	13.119	28.491	17.533	91.008	87.137	41.394	30.27	35.807	62.901	25.551	16.249	20.645	84.353	93.134	101.868	2.014	28.751	17.147	7.362	1.531	5.467	23.16	24.247	27.783	23.892	26.601	8.474	6.613	26.949	28.132	11.169	27.737	40.595	109.01	54.255	5.167	37.542	17.645	61.164	29.643	86.378	15.738

map_253
	XhoI	XhoI	63.756	18.419	4.668	32.923	3.485	4.654	17.248	3.088	42.641	0.524	59.659	9.791	28.244	27.288	13.576	2.893	22.997	25.577	6.833	14.473	70.749	10.392	10.167	62.169	32.727	30.715	2.435	2.185	26.807	8.682	6.431	49.372	14.309	32.16	12.505	50.362	34.686	52.043	58.141	50.593	2.112	13.058	112.62	188.413	30.975	15.029	82.003	0.699	15.148	38.324	32.194	3.373	103.764	14.93	16.927	110.753	29.529	5.035	1.637

map_254
	XhoI	XhoI	2.802	10.97	3.232	7.166	27.58	65.36	39.79	117.551	15.967	26.459	14.343	8.015	1.755	65.533	68.639	45.276	39.474	8.369	4.559	30.927	15.816

map_255
	XhoI	XhoI	3.374	16.834	10.405	77.138	36.463	4.875	14.195	72.783	0.536	12.306	17.172	25.513	89.521	25.379	70.218	40.354	28.892	36.157	21.901	38.243	25.451	14.842	21.458	80.213	88.941	55.429	41.531	32.734

map_256
	XhoI	XhoI	15.768	22.226	15.832	30.087	25.772	33.96	9.835	27.488	29.467	13.721	2.738	22.202	24.13	6.652	15.262	50.693

map_257
	XhoI	XhoI	22.531	9.891	10.155	78.234	19.229	26.161	3.943	1.539	11.504	23.653	5.868	44.581	4.284	14.621	18.333	24.856	49.483	32.859	54.238	58.67	8.897

map_258
	XhoI	XhoI	39.43	2.506	13.128	110.402	187.149	32.427	14.649	78.49	5.164	10.576	37.7	34.946	101.273	29.087	111.12	22.054

map_259
	XhoI	XhoI	6.915	4.92	24.285	87.451	3.048	26.164	24.153	143.104	29.168	24.252	10.476	10.011	26.958	19.229	45.525	72.737	79.961	3.566	8.542

map_260
	XhoI	XhoI	5.016	28.088	20.354	1.749	60.593	3.143	45.708	25.311	81.539	8.283	4.82	31.904	18.339	27.495	43.612	45.171	28.366	4.738	14.128	58.745	13.689	31.876	7.907	18.894	89.271	23.61	62.956	45.033	28.495	19.721	36.029	41.336	25.433	36.793	48.743	34.782	89.221	53.976	39.753	1.953	28.474	18.46	7.272	7.565	22.716	23.167	29.556	23.793	28.887	8.299	6.581	24.705	1.583	5.292	25.717	30.056

map_262
	XhoI	XhoI	14.059	53.647	50.433	2.218	117.336	65.095	117.747	32.056	15.752	72.957	0.56	4.927	10.316	36.74	34.604	16.655	86.503	14.343	15.717	33.784

map_263
	XhoI	XhoI	59.695	3.26	26.358	23.577	70.557	73.691	30.647	23.171	11.289	3.227	7.226	27.661	18.671	43.989	75.185	74.987	3.269	13.094	27.605	13.948	8.031	1.769	62.83	70.97	42.768	49.129	4.768	47.804	16.408	10.392	44.143	35.478	34.222	4.322	13.85	52.739

map_264
	XhoI	XhoI	17.603	8.258	17.219	91.194	25.697	64.239	43.751	27.541	20.98	15.494	21.149	41.213	41.082	20.543	85.62	89.64	55.563	40.472	2.344	28.088	18.917	7.976	1.714	5.668	23.086	23.152	26.487	52.722	8.256	6.683	25.652	1.139	5.287	36.279	60.19

map_266
	XhoI	XhoI	2.984	10.104	63.792	12.386	17.866	27.005	1.567	2.626	1.557	11.939	15.469	8.334	5.691	42.116	4.305	15.334	20.214	12.543	11.918	45.541	33.376	56.337	102.642	2.055	12.28	118.807	67.792	138.635	15.183	46.246

map_267
	XhoI	XhoI	29.089	15.018	35.552	33.902	3.254	12.481	89.244	14.521	129.797	29.097	29.705	78.145	28.116	23.884	53.344

map_268
	XhoI	XhoI	13.878	72.831	31.399	34.861	3.22	7.144	30.16	18.848	43.553	37.855	124.692	3.414	13.437	13.848

map_269
	XhoI	XhoI	25.193	9.656	61.952	2.947	44.538	25.158	42.472	42.287	7.8	4.948	33.626	34.815	10.652	42.029	37.91	6.197	30.187	4.784	74.708	13.491	31.409	8.208	57.354

map_271
	XhoI	XhoI	6.841	20.244	45.427	36.02	85.923	53.596	40.925	2.44	27.024	25.999	1.851	5.663	23.764	22.946	43.7

map_274
	XhoI	XhoI	78.503	14.49	82.008	4.908	48.356	34.513	16.732	87.11	14.605	15.441	57.21

map_275
	XhoI	XhoI	52.959	29.815	4.714	22.911	80.154	25.346	25.9	69.915	67.904	29.6	24.8	13.576	6.791	27.543	19.151	86.789	35.693

map_276
	XhoI	XhoI	10.783	1.913	59.483	46.127	24.889	42.135	39.971	8.062	4.821	31.832	18.854	16.134	9.731	80.15	6.494	18.507

map_277
	XhoI	XhoI	15.738	91.253	24.804	66.536	42.94	0.561	29.848	20.475	14.273	22.579	38.566	26.727	33.002	47.318	117.868	35.987

map_280
	XhoI	XhoI	9.771	5.04	32.509	3.631	4.7	18.088	3.027	12.228	29.072	26.929	33.017	9.328	27.454	40.603	24.509	23.005	7.267	15.237	69.605	9.348	10.687	63.706	12.132	49.377

map_281
	XhoI	XhoI	5.202	5.97	41.902	4.351	36.676	12.05	12.846	48.03	33.778	54.714	102.765	2.333	13.777	182.172	80.207

map_282
	XhoI	XhoI	3.731	3.49	13.642	92.77	30.209	110.005	27.346	30.2	86.336	29.753	96.073	74.699	7.219

map_283
	XhoI	XhoI	23.935	36.395	10.192	26.563	18.787	45.855	38.167	37.424	76.584	3.395	13.815	27.941	14.161	7.901	1.333	57.768	3.148	68.025	81.795	8.032	4.6	32.214	17.675	16.77	54.13	33.859	6.921	34.026	14.927	61.858	13.03	0.661	12.919	18.788	24.928	85.987	25.919	51.325

map_284
	XhoI	XhoI	16.545	43.811	28.886	20.369	15.259	21.877	39.809	25.731	14.487	21.853	45.539	34.46	77.206

map_286
	XhoI	XhoI	15.303	25.066	6.798	14.193	80.97	10.219	63.044	11.874	18.517	27.255	3.842	2.1	11.395	16.086	8.633	6.637	51.366	16.001	21.346	12.9	12.546	79.011	107.065	5.664

map_288
	XhoI	XhoI	29.407	33.202	3.651	12.94	87.739	28.602	108.594	28.663	4.977	25.169	88.735	3.043	50.658	2.228

map_289
	XhoI	XhoI	65.449	73.058	27.989	24.622	10.839	10.592	26.786	62.689	38.488	32.694

map_290
	XhoI	XhoI	13.997	3.276	13.983	26.439	13.92	7.878	1.847	60.315	3.287	64.649	40.464	38.485	8.106	4.443	49.039	17.524	9.846	42.716	37.11	35.33	4.671	76.852	13.279	0.683	12.471	27.096	17.394	91.405	22.921	60.801	44.359	28.473	34.075	65.786	24.196	15.495	21.352	44.675	37.233	38.11

map_291
	XhoI	XhoI	50.366	53.48	45.096	27.112	25.778	1.876	5.802	22.533	22.433	28.069	24.346	27.677	8.664	6.747	25.565	1.567	5.602	36.872	27.236	90.536	57.061	57.146	5.084	41.814

map_293
	XhoI	XhoI	67.63	0.627	5.041	10.514	37.393	37.019	13.398	87.183	14.904	16.039	132.011	4.931	25.462	54.815

map_294
	XhoI	XhoI	29.692	2.936	27.208	23.896	66.64	95.278	23.543	10.781	3.256	36.466	64.132	71.658	73.753

map_295
	XhoI	XhoI	0.995	27.85	20.9	63.114	3.397	44.828	25.365	44.961	46.16	38.654	17.741	16.762	10.773	78.175	6.552	28.367	4.272	76.761	13.891	0.831	12.681	20.346	8.283	17.639	94.431	24.353	66.481	40.687	49.47	14.956	20.28	42.875	26.511	16.116	67.865	7.802

map_297
	XhoI	XhoI	9.717	74.401	9.668	10.022	66.672	30.379	28.57	1.496	4.269	11.417	15.573	8.872	50.549	4.053	15.797	20.201	13.601	12.966	43.11

map_298
	XhoI	XhoI	5.288	31.843	54.612	56.583	47.833	0.666	1.983	13.67	110.472	31.768

map_299
	XhoI	XhoI	31.2	14.8	78.372	5.134	10.294	38.13	31.708	3.491	12.905	57.874

map_300
	XhoI	XhoI	27.77	14.376	16.675	137.862	4.943	25.09	87.644	2.938	26.389	92.779	50.592

map_301
	XhoI	XhoI	54.498	24.02	11.131	3.415	7.212	27.587	19.312	44.663	38.442	108.814	3.422	12.746	27.702	13.578	7.792	2.002	56.907	3.399	45.184	25.34	79.126	7.909	4.673	33.028	17.161	17.426	10.25	45.085	37.438	34.982	19.678	57.627	12.464	13.357	20.546	26.582	92.036	91.4	44.647	28.375	19.876	14.467	21.758	39.623	24.31	15.584	20.227	46.828	123.588	58.351	39.45	2.535	26.163	17.684	9.626	5.323	24.075	52.871	24.273	25.534	14.638	23.223	1.557	30.245	11.089	26.778	35.249

map_304
	XhoI	XhoI	86.848	51.923	48.457	2.059	12.827	117.586	182.343	31.909	14.585	85.169	0.588	14.835	35.72	31.924	3.167	12.071	24.937

map_305
	XhoI	XhoI	64.85	30.94	110.044	29.143	4.747	23.073	83.15	2.952	50.311	133.05	30.251	34.589	3.257	6.833	28.931	19.03	46.384	71.361	74.725	2.964	13.587	26.151	14.511	7.721	62.44	3.161	45.66	24.087	43.181	40.346	8.68	4.685	46.546	16.992	10.091	45.331	35.847	6.632	31.726	15.901	56.126	13.189	12.058	18.653	27.393	97.421	27.475	62.862	43.379	27.812	20.388	2.917

map_308
	XhoI	XhoI	51.916	2.889	36.441	5.815	2.85	17.728	98.043	23.45	33.387	3.704	4.722	17.631	15.655	29.762	26.552	33.768	9.484	56.834	16.295	21.567	24.588	6.808	15.294	84.547	10.405	60.083	12.588	17.865	28.421	4.17	1.83	11.538	23.198	51.021	19.641	20.51	25.488	79.559	110.098	46.904	2.198	12.7	180.647	37.783

map_309
	XhoI	XhoI	79.754	31.604	15.202	75.774	5.721	9.859	37.75	37.655	12.908	90.205	14.731	15.125	105.776	28.724	5.063	24.724	85.271	2.893	25.003	24.086	72.845	70.759	54.409	10.95	3.048	6.767	48.867	42.738	38.996	33.66	58.156

map_310
	XhoI	XhoI	63.965	7.907	36.998	17.553	17.021	54.551	38.016	6.37	28.728	4.559	14.75	58.626	13.652	12.629	19.875	7.657	115.484	24.724	59.819

map_311
	XhoI	XhoI	2.84	46.095	29.364	37.289	20.86	38.094	26.214	15.613	65.157	36.973	90.565	35.052

map_313
	XhoI	XhoI	51.899	58.076	37.393	2.272	3.562	3.206	17.104	58.383	37.59	24.644	36.91	4.286	17.646	15.533	26.753	0.597	26.113	32.66	9.861	28.269	27.182	13.809	2.748	23.047	23.084	22.04	73.806	9.526	10.346	65.657	12.058	18.814	28.269	1.565	2.277	1.811	11.611	15.872	9.186	6.23	43.722	4.339	15.574	20.827	25.906	47.59	94.237	52.731	48.6	15.489	110.598	62.926	111.923	34.602	15.886	82.164	5.061	32.867

map_315
	XhoI	XhoI	3.156	25.581	88.871	3.31	23.761	22.952	63.88	67.776	30.723	24.665	10.668	3.671	6.812	5.245

map_316
	XhoI	XhoI	6.487	79.109	17.474	30.143	13.918	8.219	1.738	60.269	3.146	44.387	24.369	45.618	46.569	36.981	18.711	27.843	78.504	6.513	28.444	19.63	72.367	0.713	11.886	19.819	8.007	91.388

map_318
	XhoI	XhoI	47.788	14.335	22.027	45.89	35.674	97.065	55.426	40.777	2.399	26.687	16.917	7.681	1.654	5.48	24.55	2.121

map_320
	XhoI	XhoI	39.125	2.57	37.265	2.067	3.864	2.919	17.071	62.185	58.297	4.937	33.193	3.586	23.334	2.946	12.366	30.234	0.777	23.749	35.423	9.886	28.002	28.722	12.9	2.748	22.478	23.393	6.831	14.941	71.143	18.731	64.193	11.912	17.969	29.153	2.606	13.391	16.023	13.988	45.726	4.086	15.266	20.227	13.15	60.286	92.759	34.48

map_321
	XhoI	XhoI	23.286	47.887	1.967	121.993	65.727	149.383	14.953	79.124	5.068	10.246	36.427	36.313	12.269	15.541

map_322
	XhoI	XhoI	109.242	29.529	4.839	24.983	90.827	27.528	24.481	63.207	100.741	23.476	14.372	6.98	28.2	64.059	35.662	35.303	80.052	3.319	12.581	26.485	13.412	8.08	1.522	59.775	67.853	44.102	37.336	8.18	4.677	33.262	17.095	17.373	10.262	42.843	37.516	35.915	4.62	13.675	18.179

map_324
	XhoI	XhoI	2.801	46.848	37.033	144.576	44.846	26.665	18.998	7.607	7.632	22.918	23.981	27.497	51.964	8.313	6.743	23.299	1.518	5.136	34.5	27.218	42.276	92.661

map_326
	XhoI	XhoI	15.197	16.538	30.021	0.808	25.413	43.151	26.779	30.398	16.172	22.962	31.888	14.493	68.069	10.022	80.867	12.377	18.288	30.091	4.253	13.516	14.902	8.815	6.285	47.457	4.222	37.681	12.916	12.417	49.316	35.27	101.615	50.544	1.951	12.659	117.485	183.128	32.643	93.943	4.932	10.019	37.039	33.472	3.428	12.159	39.9

map_327
	XhoI	XhoI	60.336	28.49	4.841	26.013	84.341	3.196	51.347	66.698	72.512	55.128	10.89	3.31	6.928	27.478	18.761	84.31	35.395	80.029	3.466	42.01	13.41	7.928	1.751	58.139	3.271	46.5	24.496	44.435	38.36	7.73	4.495	52.299	28.676	77.828	6.64	27.783	4.359	14.167	58.812	12.749	0.739	12.162	20.227	8.05	16.829	64.33

map_332
	XhoI	XhoI	3.053	18.759	29.103	1.72	2.645	1.949	11.443	15.736	8.458	6.24	47.179	4.137	15.499	19.434	12.882	11.831	50.402	90.962	59.608	48.999	2.002	13.773	115.552	16.436

map_333
	XhoI	XhoI	49.74	148.526	96.283	0.652	5.058	10.664	38.065	32.623	3.595	12.81	107.172	15.601	107.466	30.137	28.065	73.647

map_334
	XhoI	XhoI	11.717	3.315	25.506	25.951	68.943	67.041	29.901	23.118	10.796	3.423	7.088	29.014	18.297	44.179	36.833	37.53	68.209	3.292	43.349	14.658	8.627	1.482	61.748	3.29	73.597

map_335
	XhoI	XhoI	13.194	35.3	6.477	27.331	4.39	14.889	58.954	13.173	13.161	20.403	23.618	52.272

map_336
	XhoI	XhoI	35.168	23.655	65.613	41.396	30.443	19.436	15.945	21.217	40.391	27.485	15.137	21.2	81.443	9.155

map_337
	XhoI	XhoI	78.732	54.615	42.276	2.318	28.291	17.95	7.406	1.929	5.453	23.132	8.888

map_340
	XhoI	XhoI	15.857	6.134	47.21	18.878	19.768	25.726	57.028	32.633	52.562	108.812	2.072	13.227	117.958	175.974	31.437	14.159	81.087	0.502	5.401	10.332	69.653	3.285	107.63	29.22	69.801

map_341
	XhoI	XhoI	44.591	28.283	5.006	23.755	84.493	3.189	25.586	25.05	70.708	70.632	30.267	36.604	10.195	28.266	19.173	44.066	31.16

map_342
	XhoI	XhoI	32.028	34.733	4.685	72.554	12.956	12.834	18.231	7.834	17.926	95.882	24.417	62.522	44.004	28.407	20.335	15.09	22.085	30.053

map_346
	XhoI	XhoI	36.296	59.944	46.936	2.211	13.012	112.553	65.233	148.042	14.722	76.635	15.598	37.248	34.561	3.586	13.329	88.188	14.994	15.538	33.109

map_347
	XhoI	XhoI	13.749	4.87	25.28	89.519	3.083	27.012	23.584	132.367	51.461	11.165	3.474	7.205	20.845

map_348
	XhoI	XhoI	4.396	71.251	16.092	43.02	8.072	66.082	3.175	71.169	84.585	7.963	4.844	32.53	34.931	10.933	82.043	6.456	29.42	4.52	14.187	73.681	12.449	20.262	8.069	17.931	89.425	24.184	60.415	42.406	28.134	34.471	20.963	39.845	24.867	15.145	20.696	45.145	33.984	91.147	54.541	6.891

map_351
	XhoI	XhoI	26.785	24.168	31.927	4.062	4.198	20.768	12.265	29.671	1.105	59.564	9.036	28.092	29.317	12.977	2.871	44.922	6.761	15.577	76.641	78.23	30.465	27.941	4.208	2.128	11.102	15.108	15.357	50.545	15.08	32.914	11.966	49.377	89.866	54.276	45.518	15.312	113.734	22.963

map_352
	XhoI	XhoI	46.731	115.39	47.701	74.038	0.62	5.442	47.561	32.34	3.14	12.155	88.261	15.221	139.771	28.971	5.127	24.597	88.017	24.906	23.267	69.444	73.011	30.203	23.551	11.008	3.471	12.235

map_353
	XhoI	XhoI	58.438	16.449	27.364	13.728	7.882	63.264	3.216	48.159	25.886	87.826	8.225	4.855	30.899	19.039	17.333	10.436	44.618	37.079	6.391	26.406	4.528	14.552	58.258	13.659	0.959	12.491	18.248	25.026	21.279

map_354
	XhoI	XhoI	75.791	23.222	63.607	43.325	28.271	20.939	15.98	22.744	38.728	24.281	34.894	44.86	35.57	54.158

map_357
	XhoI	XhoI	12.373	13.228	2.649	21.605	22.957	7.066	14.621	72.387	10.029	10.388	68.033	11.831	18.461	19.557

map_358
	XhoI	XhoI	21.57	8.485	6.277	44.22	4.267	15.551	21.034	13.391	63.88	33.075	53.646	55.285	47.349	2.041	12.618	117.12	12.762

map_359
	XhoI	XhoI	54.098	107.029	32.049	15.534	81.847	4.651	10.653	39.274	31.308	3.548	12.44	83.763	14.272	16.13	51.159

map_360
	XhoI	XhoI	58.899	29.206	4.791	25.67	79.842	3.24	25.211	24.225	69.222	103.424	23.423	15.82	6.698	48.615	43.966	38.387	39.256	75.554	3.32	13.96	28.631	13.743	7.527	1.559	60.883	3.227	39.891

map_361
	XhoI	XhoI	4.066	24.861	83.453	7.941	4.71	50.167	16.51	10.583	41.809	40.975	32.183	13.87	57.976	12.878	12.196	18.819	7.814	17.758	91.749	25.314	64.367	40.583	28.007	17.166

map_362
	XhoI	XhoI	2.171	14.88	20.902	37.509	26.931	15.893	22.075	83.985	92.257	57.108	40.919	30.135	22.65

map_365
	XhoI	XhoI	13.725	19.872	4.913	32.257	3.793	4.858	18.579	2.952	43.249	0.561	24.469	31.642	9.995	28.157	41.893	2.871	21.028	23.917	6.892	16.301	68.362	20.826	68.303	12.07	17.887	27.209	1.531	4.618	11.534	15.072	8.546	6.16	46.546	4.17	34.562	13.342	59.919	88.815	58.046	46.696	15.22	177.852	117.635	47.618	78.59	5.871	10.005	35.959	37.117	12.938	49.614

map_366
	XhoI	XhoI	37.483	30.056	106.233	27.774	4.995	23.961	86.748	30.399	24.896	69.161	62.18

map_367
	XhoI	XhoI	47.769	76.186	3.199	13.174	28.728	13.85	7.997	1.461	62.963	3.263	43.743	67.744	46.407	4.687	51.518	17.996	53.665	38.908	6.733	26.756	4.726	15.122	40.868

map_368
	XhoI	XhoI	18.077	29.938	20.224	14.898	21.525	39.988	26.277	36.637	47.873	118.353	53.43	39.001	2.272	26.691	18.884	9.456	5.746	23.227	24.274

map_371
	XhoI	XhoI	44.634	12.445	45.828	1.223	2.437	1.773	11.356	15.176	15.321	50.568	13.92	32.144	12.266	47.991	34.562	59.565	53.738	47.167	2.113	13.172	115.861	68.947	109.939	30.508	14.788	73.706	4.957	10.778	31.851

map_372
	XhoI	XhoI	41.794	4.71	23.762	86.708	3.178	27.368	24.663	137.639	30.734	35.587	3.299	6.922	49.188	43.856	37.933	34.344	71.142	16.096	41.527	7.896	1.597	1.349

map_373
	XhoI	XhoI	56.219	2.934	43.401	25.495	77.534	8.093	5.07	51.527	17.461	10.39	45.708	43.97	34.34	14.276	63.412	13.177	13.159	28.646	19.237	32.386

map_374
	XhoI	XhoI	59.319	23.781	66.898	42.968	29.082	36.887	21.795	41.48	26.604	15.484	21.622	44.877	35.313	45.471

map_375
	XhoI	XhoI	51.184	4.762	36.923	4.624	17.796	2.986	12.806	26.916	1.028	26.431	41.227	26.872	28.827	13.447	2.61	22.644	25.385	2.377

map_376
	XhoI	XhoI	23.526	14.905	46.31	4.312	15.509	33.114	12.89	49.3	90.148	56.893	48.46	2.266	13.274	106.464	68.383	39.816

map_377
	XhoI	XhoI	25.08	14.177	15.198	146.25	4.917	24.684	80.714	3.154	50.748	66.73	66.976	30.636	23.544	10.572	3.42	7.27	27.694	19.148	43.889	72.84	75.661	3.267	13.178	27.24	14.482	8.135	1.895	60.487	3.063	45.889	23.358	41.645	39.849	8.031	4.662	51.957	26.264	45.878	39.217	6.568	29.429	4.458	70.648	12.881	13.203	28.951	17.907	89.793	87.668	46.064	28.619	34.057	68.768	26.026	15.292	20.365	45.47	4.342

map_378
	XhoI	XhoI	30.732	94.237	60.475	38.776	30.338	17.948	7.291	7.394	22.4	22.563	28.275	23.393	36.59	32.39	1.467	4.96	24.215	11.657	27.754	45.731	50.712	66.658	42.818	31.374	71.401	29.821	13.899	6.408

map_380
	XhoI	XhoI	7.846	3.681	4.835	18.347	3.177	12.842	29.049	1.008	25.111	34.262	9.917	26.302	43.144	2.684	46.333	6.842	14.668	74.646	9.922	9.961	75.448	19.493	30.413	4.149	11.429	15.799	8.738	49.95	18.316	35.525	12.184	48.417	89.455	56.671	49.587	2.217	14.28	44.067

map_382
	XhoI	XhoI	29.346	3.398	13.232	82.76	14.196	16.153	109.808	27.561	4.956	25.274	40.082

map_383
	XhoI	XhoI	47.05	27.7	90.502	73.897	54.387	11.208	3.418	6.96	29.404	62.954	39.051	37.359	79.774	3.401	13.508	27.428	14.387	8.041	1.671	57.446	3.411	45.989	25.741	41.61

map_384
	XhoI	XhoI	41.263	8.151	40.627	36.101	10.738	43.765	36.956	6.298	30.031	19.787	61.904

map_385
	XhoI	XhoI	0.676	12.74	13.057	19.5	8.166	17.391	95.057	91.025	45.549	29.292	35.194	21.827	40.369	25.471	15.978	21.128	42.79	35.856	90.173	99.929	2.46	27.502	19.388	7.634	7.653	24.381	25.242	27.596	48.561	8.68	6.612	25.828	6.586	23.507	10.752	26.126	45.859	50.809	38.19

map_387
	XhoI	XhoI	31.084	2.201	3.661	18.655	59.672	36.593	20.2	4.923	32.192	3.658	4.579	18.404	2.924	40.229	0.602	26.01	28.153

map_388
	XhoI	XhoI	68.21	9.853	10.65	64.065	30.495	29.661	1.579	2.598	14.626	25.29	6.32	45.387	4.073	38.361	12.599	12.62	50.817	32.862	107.452	47.879	1.989	13.283	186.442	109.154	46.929	84.763	4.823	10.468	38.833	32.219	3.404

map_389
	XhoI	XhoI	11.879	84.005	14.503	15.933	109.719	28.691	4.858	109.859	2.897	24.612	24.773	64.807	66.089	28.712	24.396	11.671	3.077	6.939	30.621	18.625	45.236	36.648	37.888	82.238	12.394	27.224	14.613	7.222

map_390
	XhoI	XhoI	1.293	1.668	61.923	47.702	76.928	38.543	7.893	4.761	32.831	19.28	27.193	42.011	38.251	6.218	29.443	18.562	64.438	13.716	12.108	26.93	17.692	27.219

map_392
	XhoI	XhoI	64.091	54.181	39.827	2.276	26.683	25.127	7.646	22.915	24.1	14.291

map_394
	XhoI	XhoI	46.426	9.079	10.244	67.884	12.202	18.989	27.485	1.958	2.44	1.961	11.191	15.79	9.266	48.407	4.257	14.472	20.436	12.347	12.536	47.288	33.879	51.615	53.926	45.392	2.161	13.455	112.682	65.263	110.615

map_395
	XhoI	XhoI	5.681	51.058	79.453	0.746	4.75	49.239	29.899	3.24	13.517	86.009	14.763	133.393	29.58	4.776	25.547	86.999	26.074	24.1	72.035	99.842	24.269	11.392	9.85	28.094	18.444	42.987	38.256	37.213	14.844

map_396
	XhoI	XhoI	10.179	14.593	7.444	1.47	58.82	3.269	46.321	24.425	46.143	39.879	8.34	4.554	32.763	17.816	27.08	39.351	33.013	6.111	28.457	19.087	57.906	13.715	12.597	19.204	7.766	18.028	97.405	23.133	65.37	43.001	28.393	20.379	15.289	20.238	65.495	15.451	21.144	46.007	32.599	92.0	51.428	40.654	2.456	27.542	17.293	7.572	7.644	4.263

map_397
	XhoI	XhoI	37.97	38.145	3.743	3.109	15.594	60.53	54.688	4.907	31.771	3.654	4.436	18.215	3.213	13.41	27.298	0.578	26.209	30.44	9.49	27.079	22.365

map_398
	XhoI	XhoI	7.298	14.303	2.859	21.918	22.743	21.247	84.394	10.213	62.079	11.356	0.522

map_399
	XhoI	XhoI	18.114	29.285	1.402	4.363	25.404	8.563	6.13	44.133	3.949	14.059	21.272	12.726	12.63	44.595	84.977	13.936

map_400
	XhoI	XhoI	89.747	2.207	12.831	120.174	73.41	116.76	31.128	15.215	80.887	5.258	10.891	66.894	3.47	12.841	96.623	14.794	16.122	143.09	4.653	24.029	81.853	29.215	24.832	68.812	76.565	30.123	24.603	11.423	3.319	6.418	27.027	67.165	37.496	34.936	76.745	3.527	13.2	27.131	22.002	1.625	50.616	3.232	10.821

map_401
	XhoI	XhoI	0.799	32.586	18.488	16.77	10.709	45.543	35.198	33.549	4.602	75.328	12.94	13.151	19.805	8.375	17.655	93.626	23.82	64.282	43.837	27.837	19.239	15.119	19.782	64.681	14.534	19.66	36.564

map_402
	XhoI	XhoI	44.309	88.04	54.16	43.394	2.359	45.289	7.616	1.846	29.326	24.071	29.032	22.248	26.99	8.907	6.468	24.947	1.35	5.305	24.997	38.298	45.227	47.853	42.561

map_405
	XhoI	XhoI	9.522	3.35	4.416	17.312	16.362	28.286	0.831	26.259	33.298	9.675	26.33	42.123	25.934	22.332	6.899	15.039	71.299	9.356	79.131	11.169	46.676	1.56	4.219	11.076	15.782	8.595	5.921	43.554	4.406	15.463	21.098	26.033	51.001	6.073

map_406
	XhoI	XhoI	28.523	56.098	99.144	2.183	125.715	71.451	120.178	48.693	77.925	5.509	10.466	37.85	35.224	12.615	85.168

map_408
	XhoI	XhoI	2.915	6.889	28.293	19.17	46.908	37.11	35.394	75.191	3.279	13.645	28.203	13.801	7.645	1.813	58.989	3.39	44.214	69.121	38.334	7.83	4.65	50.406	16.666	10.783	41.748	35.572	6.523	28.638	17.859	15.113

map_409
	XhoI	XhoI	48.524	12.838	12.071	18.382	7.655	17.979	81.559	24.901	62.403	42.504	28.502	18.813	15.613	20.822	41.496	25.048	14.542	21.306	46.155	34.697	40.117

map_410
	XhoI	XhoI	46.74	37.166	19.093	4.906	31.345	3.724	4.447	18.008	3.047	11.883	28.413	25.554	32.339	10.137	8.495

map_411
	XhoI	XhoI	18.262	27.875	13.396	3.061	21.949	31.325	14.89	72.668	9.948	10.511	66.255	12.474	19.366	27.552	4.076	1.707	27.391	8.023	6.251	45.404	3.88	14.974	20.922	12.88	12.264	49.858	35.89	27.616

map_412
	XhoI	XhoI	28.534	111.677	15.776	112.093	65.033	112.717	32.19	15.253	83.899	3.301

map_414
	XhoI	XhoI	29.044	29.22	4.89	24.26	85.829	26.096	23.361	65.366	72.586	30.136	23.684	11.27	10.075	28.132	19.526	87.665	12.662

map_415
	XhoI	XhoI	23.762	74.379	3.484	13.666	28.854	14.067	7.983	1.427	56.168	49.254	70.686	43.68	4.849	31.848	17.985	16.577	10.297	79.467	6.233	12.138

map_417
	XhoI	XhoI	40.129	39.577	20.183	46.244	34.634	99.935	52.142	41.841	2.397	44.483	7.491	1.537	5.359	22.47	22.682	28.876	24.511	27.726	8.567	6.732	24.682	1.453	29.796	11.145	74.139	107.377	16.698	42.51	34.378	18.499	90.354	13.493	14.662

map_419
	XhoI	XhoI	85.172	19.12	4.959	33.204	3.558	21.455	2.944	12.989	29.021	1.25	26.723	32.99	9.988	57.527	12.509	2.841	21.553	24.483	7.272	16.087	40.329

map_420
	XhoI	XhoI	32.102	10.094	9.794	75.323	18.499	28.077	2.591	2.177	11.866	16.075	8.395	5.911	47.924	6.045

map_422
	XhoI	XhoI	3.121	5.095	46.223	33.019	3.503	13.088	102.142	15.236	110.867	35.761

map_423
	XhoI	XhoI	23.644	79.513	3.231	27.372	23.433	65.343	101.279	24.076	10.815	3.391	6.438	51.975	43.245	74.604	77.054	3.413	13.053	28.036	14.509	8.157	61.197	49.108	25.706	43.132	48.696	4.595	30.707	18.552	26.792	42.106	37.874	6.233	11.531

map_424
	XhoI	XhoI	16.872	4.307	71.525	13.306	12.126	18.514	26.418	89.25	23.163	64.778	41.038	50.819	15.063	61.006	27.909	15.767	20.864	46.942	35.252	101.403	55.889	39.25	1.981	27.681	17.821	7.664	1.732	5.698	23.164	22.734	47.504	27.701	8.838	6.868	24.892	6.602	24.695	10.784	28.633	13.15

map_426
	XhoI	XhoI	10.011	29.564	13.218	2.965	21.744	23.768	7.277	14.573	74.059	20.036	75.44	19.106	28.587	1.278	4.513	11.586	9.646

map_427
	XhoI	XhoI	13.602	33.826	55.508	54.386	49.799	2.156	13.395	104.947	64.493	116.386	32.159	93.666	5.118	9.778	38.725	31.847	16.356	85.742	13.992	15.036	117.569	18.406

map_429
	XhoI	XhoI	52.003	29.429	25.035	11.103	3.207	7.079	27.155	20.166	43.836	38.591	112.874	3.423	13.8	26.914	21.788	1.822	58.367	47.271	24.895	17.635

map_430
	XhoI	XhoI	65.827	12.971	32.003	17.524	17.578	10.391	85.882	6.402	28.101	4.302	22.572

map_431
	XhoI	XhoI	54.417	13.644	12.013	18.711	7.951	18.086	92.017	23.96	63.182	43.131	46.175	35.459	43.253	40.088	20.966	43.39	36.04	99.93	16.584

map_433
	XhoI	XhoI	19.137	2.755	38.549	3.865	2.931	16.333	62.332	36.406	20.774	4.996	32.54	3.566	4.458	18.101	3.101	40.042	0.818	26.599	33.672	9.617	27.933	45.017	2.65	20.689	23.958	7.278	13.969	70.071	10.129	10.556	67.687	31.22	29.517	4.134	13.908	15.368	8.704	6.106	42.975	4.322	14.501	18.775	12.903	12.206	85.098	59.971	58.154	48.12	1.959	14.417	109.772	68.488	86.096

map_434
	XhoI	XhoI	53.255	4.772	10.048	38.803	38.367	12.702	107.068	133.102	29.898	29.921	83.978	2.784	25.041	25.675	69.933	73.85	30.682	25.114	11.247	3.503	7.24	29.604	19.594	20.157

map_435
	XhoI	XhoI	105.719	3.387	13.593	27.83	14.746	7.513	59.391	3.234	47.097	65.154	39.771	7.923	4.609	33.669	34.22	53.892	35.78	6.777	31.939	13.645	61.38	13.609	0.598	12.627	20.151	7.656	18.201	40.319

map_436
	XhoI	XhoI	2.572	23.389	103.945	52.114	36.016	39.631	24.781	14.766	20.318	38.013

map_437
	XhoI	XhoI	6.782	36.032	90.555	53.046	42.686	2.334	27.32	18.465	8.029	1.932	5.448	22.6	24.258	23.533

map_439
	XhoI	XhoI	4.06	5.053	9.994	35.532	31.46	3.393	12.368	90.053	14.668	16.297	110.07	24.822

map_440
	XhoI	XhoI	17.806	24.076	128.937	31.553	24.499	11.101	3.501	7.117	27.801	20.721	83.673	34.808	80.531	16.997	22.2

map_441
	XhoI	XhoI	4.232	23.518	1.514	59.841	3.162	69.743	82.658	12.97	51.445	27.489	42.429	39.454	34.418	4.506	15.229	59.536	14.131	0.553	30.701	8.47	18.088	91.951	24.336	58.822	42.499	50.064	36.061	41.992	26.859	15.5	20.855	46.951	34.831	90.546	96.061	2.657	28.002	18.196	6.977	1.743	5.527	23.676	22.694	27.979	24.205	34.497	31.263	1.305	5.27	25.634	10.468	3.53

map_443
	XhoI	XhoI	45.062	13.73	24.737	24.844	6.664	14.426	85.093	10.559	65.249	30.664	29.375	4.154	1.82	11.322	14.714	8.652	6.379	51.646	14.479	19.417	13.133	11.986	80.433	58.606	54.6	47.685	15.294	174.963	112.031	32.087	14.809	82.898	15.254	36.556	33.672	16.987	74.666

map_445
	XhoI	XhoI	87.74	36.22	83.266	16.378	38.464	8.032	1.532	59.096	45.116	23.607	44.258	41.174	7.894	4.552	13.928

map_446
	XhoI	XhoI	1.307	18.439	27.107	42.661	35.814	6.59	29.179	4.489	15.189	62.416	13.967	13.094	20.213	24.149	92.764	24.9	65.338	43.457	28.41	20.719	15.503	22.3	40.799	25.456	15.085	21.775	83.579	91.953	52.875	42.043	2.284	28.266	18.798	9.151	5.706	23.969	50.587	23.875	28.278	8.113	6.778	23.49	1.384	4.976	23.187	11.683	27.066

map_447
	XhoI	XhoI	15.56	3.972	13.394	15.296	7.962	6.379	47.165	4.429	15.203	20.778	12.629	12.55	49.735	87.514	105.948	15.673	111.279	65.198	142.722	14.915	80.032	5.105	10.403	35.082	31.224	16.405	88.599	13.936	129.457	28.31	4.572	23.676	85.318	3.176	26.616	25.144	70.254	64.689	57.328	11.414	10.239	30.466	18.66	28.06

map_448
	XhoI	XhoI	16.51	39.204	33.928	77.275	16.419	42.307	8.041	1.815	60.274	2.954	41.525	30.216

map_449
	XhoI	XhoI	4.029	18.018	92.134	25.657	67.289	42.336	29.057	21.222	15.136	21.528	41.739	43.576	22.61	31.232

map_450
	XhoI	XhoI	13.521	37.061	90.566	56.136	41.524	2.169	27.316	17.935	9.297	5.479	24.206	55.573	49.394	8.634	31.379	6.498	24.508	11.397	25.944	43.862	48.317	50.249	16.672	38.957	4.9	54.279	66.916	29.325	86.986	58.686	36.353	3.45	3.145	16.386	95.077	19.71	5.036	31.945	3.715	4.566	17.195	2.982	12.507	0.761

map_452
	XhoI	XhoI	26.105	9.573	57.33	15.852	21.653	30.133	14.903	71.371	9.735	71.751	11.884	45.787	1.176	2.809	2.127	11.3	16.658

map_453
	XhoI	XhoI	12.679	47.33	3.949	15.081	19.926	25.566	54.081	86.084	55.602	48.622	1.993	107.08

map_454
	XhoI	XhoI	20.356	64.266	113.57	34.51	15.665	79.742	5.955	48.255	33.762	3.402	12.911	103.139	35.954

map_455
	XhoI	XhoI	123.994	4.864	23.892	78.781	3.291	23.529	24.502	139.0	29.921	35.525	10.366	29.03	19.552	42.526	71.99	80.961	3.227	13.885	26.867	13.526	8.229	1.58	56.119	3.209	44.363	25.037	44.466	38.668	7.998	4.833	33.117	18.105	16.991	10.304	42.476	36.994	36.794	20.036	29.853

map_457
	XhoI	XhoI	44.068	36.377	92.057	54.816	42.224	27.712	17.619	7.716	1.677	30.484	24.007	28.231	23.918	29.699	9.001	7.096	24.453	1.452	4.976	24.77	4.304

map_459
	XhoI	XhoI	14.383	2.223	12.722	107.669	64.042	109.227	49.045	76.528	0.533	5.465	10.488	0.633

map_461
	XhoI	XhoI	15.239	2.89	51.512	68.511	72.306	55.956	14.808	6.705	28.109	20.182	9.351

map_462
	XhoI	XhoI	34.861	37.405	34.054	78.218	18.023	27.588	22.277	1.384	59.435	2.861	45.64	24.925	81.411	8.085	4.49	51.974	17.868	10.167	43.195	44.859	30.104	4.245	14.34	26.73

map_463
	XhoI	XhoI	9.145	65.898	43.134	26.527	19.817	15.283	59.786	25.946	15.065	20.361	44.778	34.644	38.726

map_464
	XhoI	XhoI	52.754	55.29	40.772	2.294	26.495	18.46	7.344	1.724	5.622	21.506	21.827	27.017	18.366

map_468
	XhoI	XhoI	9.162	36.746	78.321	3.231	36.766	14.232	8.042	1.617	62.257	15.869

map_469
	XhoI	XhoI	15.224	8.108	4.779	32.072	18.432	16.795	10.535	86.915	6.81	29.933	4.576	14.297	59.419	13.876	13.003	18.406	7.911	18.356	94.454	24.058	65.535	44.571	28.966	34.103	20.952	44.099	26.359	15.767	64.4	34.744	92.296	55.594	35.254

map_470
	XhoI	XhoI	1.391	3.563	19.421	60.103	35.134	18.549	4.749	38.008	4.62	17.503	2.865	12.629	27.756	0.802	25.508	35.305	10.209	27.006	28.451	13.013	2.598	21.596	24.04	20.773	72.829	9.743	71.899	11.437	17.931	29.321	4.337	1.811	11.613	14.524	8.731	51.425	4.2	14.389	32.932	60.045	71.379

map_471
	XhoI	XhoI	14.856	54.201	50.171	1.814	13.103	110.537	64.285	116.334	34.601	14.387	79.767	5.414	9.707	35.778	32.569	16.889	84.724	14.197	15.708	110.038	27.371	4.657	24.098	90.282	25.789	23.714	52.407

map_472
	XhoI	XhoI	17.225	95.907	24.391	11.317	3.478	6.752	27.27	64.408	38.824	34.734	26.984

map_474
	XhoI	XhoI	14.019	35.907	4.651	14.737	57.871	12.793	12.158	19.158	8.215	17.533	87.207	26.136	2.387

map_476
	XhoI	XhoI	35.289	93.011	54.848	40.795	2.356	26.076	18.18	7.757	7.557	22.995	50.49	23.61	26.935	8.506	6.652	25.913	6.535	23.392	11.527	27.213	78.811

map_477
	XhoI	XhoI	59.795	51.318	2.704	36.388	5.524	2.857	17.105	60.269	57.4	38.029	3.719	4.392	20.595	13.44	29.18	26.341	33.97	9.587	26.897	28.369	12.65	2.864	21.639	25.548	6.93	15.169	44.208

map_478
	XhoI	XhoI	28.134	10.081	10.222	59.006	12.218	17.968	29.615	2.709	2.132	12.461	15.624	8.642	6.515	45.488	4.001	14.185	20.238	12.592	12.303	3.831

map_481
	XhoI	XhoI	19.241	14.428	16.152	113.027	34.013	24.65	88.535	24.367	26.324	137.527	29.887	24.139	10.776	3.106	6.974	46.522	42.747	39.724	35.82	72.316	3.306	13.151	25.876	13.73	7.749	1.65	58.421	28.484

map_482
	XhoI	XhoI	25.494	16.305	10.876	83.38	6.481	29.895	4.774	15.015	61.631	14.2	12.969	18.362	27.374	89.03	24.482	103.078	28.146	19.992	14.258	21.225	8.866

map_483
	XhoI	XhoI	7.903	15.529	20.283	47.606	38.819	91.299	52.788	38.685	2.379	40.963	7.891	1.806	5.267	21.687	24.276	28.758	49.064	8.459	6.557	24.461	1.421	5.25	24.816	11.275	71.12	49.75	53.526	53.603	5.087	35.043	17.008	59.242	28.881	25.401

map_484
	XhoI	XhoI	22.791	53.28	2.691	35.842	2.233	3.774	19.057	98.643	19.279	5.163	30.77	3.509	4.64	17.473

map_485
	XhoI	XhoI	56.08	11.943	44.769	1.861	2.539	2.197	27.348	8.208	6.19	43.762	18.8	34.413	11.753	50.265

map_487
	XhoI	XhoI	40.205	31.848	15.151	83.685	4.979	10.643	40.624	34.457	104.829	13.848	15.539	109.159	34.742	23.14	89.676	3.097	26.049	23.176	138.418	29.839	23.457	11.201	3.321	35.381	18.492	83.094	36.04	78.054	3.237	12.553	42.132	7.879	59.255	3.106	45.882	24.161	47.196	38.788	8.022	4.635	31.749	8.872

map_488
	XhoI	XhoI	9.586	17.471	52.828	48.418	27.131	19.183	63.055	13.567	0.632	12.315	3.18

map_489
	XhoI	XhoI	16.72	7.931	113.597	95.822	40.488	26.165	35.677	61.344	25.555	15.165	19.41	45.346	133.089	59.876	38.741	28.523	18.542	7.52	1.909	6.002	25.005	24.045	28.434	26.288	32.729	7.034	25.456	5.259	23.538	10.465	65.012	50.348	52.556	16.553	41.082	35.913	17.941	60.741	43.041	47.702

map_491
	XhoI	XhoI	7.946	3.007	23.562	24.613	22.033	72.371	9.378	72.818	11.658	17.526	31.421	1.618	2.683	1.966	28.209	8.527	6.154	45.835	4.403	15.064	21.363	12.207	12.713	49.66	33.301	53.233	54.716

map_493
	XhoI	XhoI	2.724	14.852	77.002	4.796	10.553	39.724	32.042	16.349	85.078	31.305	106.798	27.498	4.763	23.831	89.722	3.324	26.347	24.173	107.05

map_494
	XhoI	XhoI	36.825	30.452	22.468	11.037	3.455	7.166	49.033	46.784	37.327	106.698	3.396	40.429	14.217	7.963	27.653

map_495
	XhoI	XhoI	5.279	39.905	8.249	4.657	34.069	35.65	10.525	83.476	36.552	4.516	14.694	59.884	13.104	0.595	12.469	19.071	8.465	17.329	62.56

map_498
	XhoI	XhoI	3.299	8.128	17.73	2.865	13.164	27.323	25.156	35.685	9.959	26.51	30.443	13.959	2.913	45.701	20.808	70.384	9.565	10.552	62.584	12.206	18.945	28.014	1.66	2.515	1.616	27.439	8.954	6.153	42.367	4.075	14.755	19.749	12.307	11.52	49.46	32.942	112.632	48.374	2.19	13.515	114.508	70.491	151.286	93.003	0.689	5.08	40.56

map_500
	XhoI	XhoI	28.815	4.645	111.42	29.142	24.303	67.779	69.422	29.282	24.552	14.28	7.453	27.286	18.97	43.529	38.006	38.552	72.131	3.427	38.792	13.897	7.703	1.482	38.835

map_501
	XhoI	XhoI	16.947	17.967	10.336	79.317	6.506	28.514	4.481	14.818	65.502	13.4	12.383	18.737	7.99	17.82	88.866	26.128	106.281	28.096	19.941	15.27	21.85	39.453	43.815	19.912	46.409	36.539	82.597	53.748	45.25	27.891	18.181	7.461	1.793	5.628	24.233	24.132	26.681	52.812	14.432	24.608	4.976	34.83	27.186	43.123	54.45	24.2

map_503
	XhoI	XhoI	41.447	37.047	20.074	38.986	3.501	22.375	15.877	28.254	0.77	26.693	33.627	9.633	28.072	28.296	13.734	24.15	24.85	21.655	70.469	9.717	10.252	65.279	12.115	18.245	27.648	1.629	2.665	1.734	28.535	8.252	51.041	4.226	14.802	20.078	25.141	44.901

map_505
	XhoI	XhoI	29.994	3.154	25.549	91.623	101.676	24.888	14.264	34.741	18.561	42.848	39.448	35.312	76.268	3.662	14.039	26.198	13.748	8.205	1.583	59.875	3.113	70.828	16.562

map_506
	XhoI	XhoI	28.747	40.663	8.364	4.617	33.806	19.409	17.813	10.562	40.317	36.662	6.132	27.179	4.429	13.945

map_507
	XhoI	XhoI	4.958	25.275	98.027	90.323	43.332	27.361	19.79	15.06	21.134	41.714	27.845	34.579	45.854	35.632	94.509	54.767	42.82	28.684	15.738	9.493	5.772	22.461	50.566	25.274	27.044	8.464	6.258	24.982	1.296	4.817	23.458	9.999

map_509
	XhoI	XhoI	85.843	2.314	120.475	67.968	113.062	33.649	14.429	78.986	5.64	10.321	35.861	32.46	3.353	12.295	89.599	30.145	132.126	30.343	78.18

map_510
	XhoI	XhoI	114.543	28.788	23.658	10.969	3.324	7.104	28.929	20.16	45.213	37.813	35.008	77.345	3.278	13.486	27.792	22.784	1.738	58.296	2.905	67.512	43.012	39.969	8.212	4.578	32.257	34.747	57.072	35.356

map_511
	XhoI	XhoI	9.553	20.889	15.512	21.825	41.192	26.767	15.367	20.555	45.194	35.294	94.269	23.821

map_513
	XhoI	XhoI	38.405	18.895	5.146	33.467	3.781	23.006	15.186	30.115	25.241	44.999	27.082	28.682	13.488	23.627	24.737	6.589	14.035	72.324	9.747	69.716	12.263	14.642

map_514
	XhoI	XhoI	3.667	28.741	1.688	2.359	1.546	11.903	15.442	8.927	50.847	4.168	14.343	20.973	12.973	12.353	49.464	35.121	114.497	52.722	15.596	110.595	67.318	128.572

map_515
	XhoI	XhoI	35.819	83.593	0.697	5.012	10.633	75.11	3.642	13.095	89.984	30.66	139.943	5.198	24.896	85.904	30.089	93.9	69.195	29.912	35.258	3.391	6.62	28.55	19.056	45.885	38.504	35.213	79.386	3.371	13.47	27.434	13.52	7.839	1.597	59.897	50.087	25.299	32.049

map_516
	XhoI	XhoI	23.793	39.951	37.268	45.811	43.593	30.332	4.752	79.079	13.052	0.719	11.969	27.164	16.801	18.636

map_517
	XhoI	XhoI	21.807	30.036	20.641	14.515	60.492	26.264	15.336	20.492	77.875	86.632	57.643	43.165	2.329	25.74	18.011	7.137	1.774	5.458	24.042	24.777	51.909	26.359	8.485	6.93	25.268	1.374	5.022	24.095	11.284	27.207	91.878	49.085

map_519
	XhoI	XhoI	115.747	2.839	36.443	2.176	3.793	19.697	59.122	38.511	20.249	39.046	3.454	4.673	17.11	16.08	26.875	0.675	25.871	33.481	9.16	28.083	29.51	14.126	2.698	22.797	23.851	7.1	14.13	72.226	21.197	63.613	11.596	18.572	29.277	4.052	2.052	11.899	4.531

map_520
	XhoI	XhoI	10.616	8.192	6.452	44.685	4.483	15.122	32.044	12.52	46.103	34.479	57.683	56.855	50.758	15.556	110.499	65.631	150.107	15.312	77.028	0.576	4.874	10.282	36.438	33.912	3.348	13.387	88.705

map_521
	XhoI	XhoI	1.796	14.852	129.631	27.225	4.866	24.151	83.932	29.631	25.631	73.435	66.965	28.256	24.173	6.189

map_522
	XhoI	XhoI	4.608	3.485	7.096	27.898	19.39	44.007	74.564	83.881	13.503	27.561	14.888	7.778	1.536	61.193	3.192	44.761	25.929	88.178	12.306	30.726	17.655	17.715	10.761	42.456	34.582	6.147	29.52	4.911	14.309	58.771	13.129	13.472	19.06	8.159	18.226	14.883

map_523
	XhoI	XhoI	2.714	88.338	55.324	40.07	30.809	17.764	7.356	7.237	23.468	22.739	27.725	23.155	27.91	8.399	6.799	24.396	1.766	5.001	25.159	11.625	5.982

map_526
	XhoI	XhoI	43.424	4.005	15.17	20.381	13.155	12.05	45.388	35.248	54.969	54.185	48.25	2.256	119.482	175.005	33.505	93.918	4.789	10.56	38.359	31.635	3.121	12.239	107.568	15.298	145.222	4.995	24.254	47.792

map_527
	XhoI	XhoI	36.507	3.04	25.496	24.684	66.026	73.348	28.141	24.271	12.006	3.431	4.586

map_528
	XhoI	XhoI	31.737	18.609	43.574	39.473	35.972	81.172	3.727	13.467	28.181	14.146	9.687	61.186	45.777	31.125

map_529
	XhoI	XhoI	14.63	42.904	37.804	6.359	28.879	4.666	14.572	59.537	13.544	31.463	8.015	17.677	87.331	25.076	16.996

map_530
	XhoI	XhoI	3.198	41.165	21.118	48.192	33.836	92.288	52.943	40.474	29.668	19.241	7.883	1.972	28.822	23.713	28.87	24.921	27.294	8.288	6.638	24.861	1.572	4.862	23.029	10.603	2.038

map_532
	XhoI	XhoI	6.598	19.734	38.336	3.691	4.682	17.828	2.571	12.47	28.544	28.284	33.645	9.709	26.367	43.15	24.172	23.351	6.751	14.399	52.946

map_533
	XhoI	XhoI	18.965	9.636	10.706	64.199	12.208	18.213	27.541	1.643	2.378	13.629	15.758	15.062	47.131	3.962	35.003	13.429	11.654	49.252	35.287	54.078	52.593	51.082	2.435	12.859	59.653

map_534
	XhoI	XhoI	45.846	175.713	33.315	14.887	81.427	5.414	10.411	38.611	31.208	3.448	93.142	13.743	2.782

map_535
	XhoI	XhoI	19.042	28.67	28.287	81.814	3.005	26.671	24.506	133.862	29.95	23.823	10.808	3.171	6.98	25.763	19.17	44.991	39.069	34.073	75.475	3.408	13.614	24.878	13.797	8.026	1.674	58.257	3.341	42.483	24.991	46.446	44.76	4.59	30.673	2.461

map_536
	XhoI	XhoI	15.81	16.353	10.545	80.496	34.13	4.3	77.293	14.171	31.746	7.969	18.647	94.089	16.783

map_537
	XhoI	XhoI	72.389	43.852	29.157	20.289	14.482	21.545	41.755	25.152	15.858	20.353	45.604	37.227	82.321	99.887	2.561	26.743	16.764	7.171	1.904	5.192	22.204	25.045	28.35	48.674	8.065	6.66	24.358	1.644	5.01	25.722	11.562	66.815	48.033	50.981	16.5	24.09

map_539
	XhoI	XhoI	13.677	26.695	32.082	9.849	25.639	43.56	24.892	25.191	7.032	88.064	9.925	10.269	7.838

map_540
	XhoI	XhoI	11.267	4.343	15.455	20.677	12.929	12.656	48.992	33.37	114.701	42.901	15.778	113.229	66.398	125.413	45.73	78.671	5.438	10.849	38.142	34.353	3.387	100.984	14.84	15.624	107.939	28.451	4.611	24.544	48.351

map_541
	XhoI	XhoI	39.498	25.065	23.911	72.173	68.685	29.2	23.931	11.015	10.323	28.675	64.972	77.239	75.961	3.173	41.044	13.692	7.847	1.651	49.258

map_542
	XhoI	XhoI	20.001	45.847	43.157	8.382	4.916	31.738	18.916	17.467	11.063	41.759	46.927	27.986

map_543
	XhoI	XhoI	19.671	61.395	12.806	12.767	18.003	8.085	103.342	24.514	62.195	43.508	26.025	19.64	14.798	21.317	41.864	25.323	15.221	21.501	42.822	35.504	90.263	16.823

map_544
	XhoI	XhoI	55.216	10.33	62.356	11.361	18.224	29.611	1.801	4.324	26.474	8.982	6.221	49.843	15.073	20.065	13.476	11.571	24.186

map_545
	XhoI	XhoI	24.448	34.697	52.439	57.148	45.213	2.091	12.626	111.352	183.484	29.875	14.673	80.288	5.568	10.279	38.81	31.082	3.423	12.982	86.252	13.572	16.088	112.787	27.11	27.308	16.626

map_546
	XhoI	XhoI	0.78	44.293	36.349	38.527	78.983	3.408	13.86	28.108	13.768	8.033	1.487	5.727

map_547
	XhoI	XhoI	52.718	3.189	67.451	46.051	37.419	12.926	31.906	17.748	17.845	10.116	36.914

map_548
	XhoI	XhoI	49.5	43.774	0.54	28.498	19.828	15.724	21.103	37.7	25.254	15.039	21.378	46.471	37.856	86.208	56.618	40.385	2.401	45.566	7.639	1.829	5.392	22.616	22.666	29.845	24.118	33.323	6.638	24.87	6.616	24.401	11.44	26.552	41.887	51.911	49.464	16.707	37.93	4.995	36.387	17.212	58.751	28.11	14.184	130.595	2.675	37.26	5.849	2.707	16.578	54.811	36.184	18.795	4.849	35.935	22.395	2.694	12.711	28.157	25.74	33.65	9.714	24.77	28.403	13.832	2.825	21.316	24.469	21.092	30.722

map_550
	XhoI	XhoI	29.578	2.097	2.337	13.562	15.546	8.602	6.238	43.45	19.858	20.298	13.148	12.036	47.513	35.499	54.095	36.214

map_552
	XhoI	XhoI	140.7	15.089	74.674	4.81	10.003	34.587	30.124	3.422	12.586	93.653	15.95	104.793	28.731	4.861	24.232	82.474	3.032	26.189	24.737	69.296	5.198

map_553
	XhoI	XhoI	32.824	39.144	34.1	74.067	3.215	13.735	26.783	14.033	7.942	1.722	62.85	69.391	65.4

map_554
	XhoI	XhoI	18.921	8.076	38.286	17.917	16.78	10.575	43.563	37.501	6.776	32.943	14.726	58.654	14.634	11.872	28.085	110.463	20.888

map_555
	XhoI	XhoI	66.785	42.115	27.805	20.154	15.453	21.594	40.959	40.43	62.694	35.266	88.116	58.781	39.447	2.358	26.913	17.951	7.963	1.597	5.643	22.852	23.634	28.792	52.814	8.903	6.969	25.785	1.536	4.856	25.215	11.73	27.239	43.556	103.998	16.51	38.299	4.989	2.076

map_558
	XhoI	XhoI	9.47	25.415	41.961	27.484	28.222	13.33	25.277	23.805	6.919	14.677	74.94	9.496	10.55	67.156	11.69	18.243	28.037	1.494	2.586	13.23	15.67	8.895	6.195	51.015	15.495	19.102	24.487	26.515

map_559
	XhoI	XhoI	23.453	32.489	54.443	105.754	2.226	12.982	119.094	183.454	32.859	15.099	80.179	5.048	10.081	36.835	32.279	3.34	101.497	14.326	123.986	27.745	4.755	110.21	3.328

map_560
	XhoI	XhoI	11.285	77.674	3.383	13.062	41.066	7.637	1.544	60.083	45.683	25.834	47.09	41.325	8.244	4.588	31.751	19.538	18.036	10.2	42.017	41.206	33.38	14.559	61.365	13.934	30.686	8.194	16.553	89.733	21.069

map_561
	XhoI	XhoI	2.814	112.976	27.59	18.81	15.119	21.466	41.356	25.583	35.417	81.479	84.31	52.197	22.652

map_564
	XhoI	XhoI	5.872	8.692	6.247	45.372	4.113	15.38	32.904	12.153	50.812	33.784	57.766	105.142	2.208	13.73	179.138	117.926	32.079	14.683	82.537	5.088	10.362	38.002	34.71	3.162	13.443	87.125	5.045

map_565
	XhoI	XhoI	9.351	15.648	109.982	27.257	29.383	86.575	3.277	26.228	24.691	71.297	73.724	0.801

map_566
	XhoI	XhoI	29.927	23.615	11.131	3.484	7.129	28.527	61.218	40.067	34.506	77.579	3.621	13.545	29.051	13.775	7.808	1.474	58.833	3.254	10.253

map_567
	XhoI	XhoI	34.799	23.934	44.42	37.233	8.036	4.33	31.062	18.098	17.436	50.182	35.772	6.575	29.214	18.96	60.471	13.816	0.649	12.584	19.871	7.916	18.107	98.321	24.939	63.814	42.953	50.177	16.392	20.528	68.041	14.653	67.658	39.631	51.023

map_570
	XhoI	XhoI	19.248	11.881	18.19	30.358	3.922	1.808	11.001	15.39	8.815	6.216	43.296	4.215	14.487	19.911	23.242	45.592	72.563

map_571
	XhoI	XhoI	19.685	108.022	2.329	12.735	179.332	117.865	33.323	15.742	80.066	4.968	9.743	38.009	31.467	3.77	100.613	31.247	111.054	28.662	4.967	23.848	78.677	3.135	49.17	69.157	20.379

map_572
	XhoI	XhoI	49.341	30.306	24.831	11.381	3.148	7.087	29.145	19.263	45.197	38.773	20.169

map_573
	XhoI	XhoI	13.839	76.845	12.362	25.898	14.515	7.893	59.517	3.176	42.327	67.441	40.096	8.061	4.583	32.298	19.479	17.492	10.282	42.483	35.592	33.734	4.511	66.13

map_574
	XhoI	XhoI	2.781	14.308	12.622	18.966	8.204	111.54	25.425	63.714	43.38	0.672	29.414	20.252	37.958	39.732	25.862	15.823	20.773	3.786

map_577
	XhoI	XhoI	3.362	28.136	1.238	4.259	11.305	15.603	15.223	45.666	4.313	14.429	20.574	25.994	87.468	31.955

map_578
	XhoI	XhoI	74.458	47.641	2.138	12.507	177.986	110.935	31.674	15.383	74.933	4.864	10.909	70.266	3.634	7.451

map_579
	XhoI	XhoI	5.488	86.202	14.577	15.939	122.217	35.484	23.567	85.133	3.156	26.692	25.008	59.892	70.141	30.06	23.903	13.943	38.651	19.107	42.664	36.055	37.598	74.0	3.467	13.577	26.261	14.087	7.795	1.296	60.743	3.085	25.258

map_580
	XhoI	XhoI	18.968	25.989	44.297	37.355	7.963	4.434	32.004	19.537	27.709	42.052	37.979	6.433	28.978	4.028	14.448	59.472	13.815	0.698	12.484	18.996	8.504	17.24	82.213

map_581
	XhoI	XhoI	15.287	28.519	18.608	15.471	21.309	66.631	37.428	43.491	35.429	3.63

map_582
	XhoI	XhoI	87.2	55.441	39.5	2.347	27.306	17.746	8.638	5.719	24.377	22.711	28.211	23.723	28.901	8.199	6.557	3.307

map_584
	XhoI	XhoI	9.981	28.703	1.684	2.436	1.994	28.171	8.992	6.001	44.617	4.278	15.708	20.139	12.273	12.453	77.873	57.382	53.943	46.843	1.933	13.021	120.599	65.646	63.75

map_585
	XhoI	XhoI	50.306	30.255	15.019	84.68	4.927	48.906	32.553	16.261	103.517	16.11	89.51

map_586
	XhoI	XhoI	17.851	28.276	4.91	25.034	89.547	3.013	27.671	23.495	67.548	22.557

map_587
	XhoI	XhoI	20.492	77.52	3.236	42.915	13.538	8.173	59.195	3.117	69.103	41.49	48.061	4.759	32.508	18.84	16.733	48.518	38.511	37.069	4.591	14.156	58.441	12.693	0.5	12.301	7.528

map_588
	XhoI	XhoI	11.473	8.218	17.195	90.203	24.328	61.347	46.603	29.271	19.269	15.192	62.947	11.768

map_589
	XhoI	XhoI	15.619	15.853	21.335	45.511	35.2	90.658	102.725	29.248	19.149	7.731	1.921	29.213	23.109	51.801	27.841	8.212	6.868	24.131	1.499	4.823	24.424	10.238	26.898	42.827	18.451

map_591
	XhoI	XhoI	15.571	8.5	6.162	48.591	15.496	20.995	12.968	62.777	32.989	54.875	56.068

map_593
	XhoI	XhoI	24.349	0.721	5.189	9.801	38.043	33.924	3.629	12.962	90.317	14.384	16.895	108.35	14.549

map_594
	XhoI	XhoI	27.379	3.255	27.3	25.815	69.37	112.219	22.916	11.377	9.933	46.897	80.272	36.082	81.573	3.345	13.481	27.696	13.29	9.47	57.959	3.48	44.011	25.376	46.553	40.088	7.834	4.572	32.813	18.478	18.411	10.646	78.578	6.692	27.248	4.49	15.246	57.341	7.886

map_595
	XhoI	XhoI	5.266	12.226	19.834	7.676	18.25	94.719	25.119	65.842	43.596	28.636	20.182	15.225	22.183	42.64	26.233	15.201	26.582

map_596
	XhoI	XhoI	34.398	35.089	87.793	54.207	41.913	25.496	18.751	7.756	1.687	5.322	23.808	23.593	19.687

map_598
	XhoI	XhoI	50.956	36.538	24.888	35.619	3.672	4.681	17.556	3.016	40.099	0.919	26.267	34.345	9.604	29.05	26.997	14.114	2.779	22.265	24.148	6.97	14.909	68.724	19.555	59.36	30.972	29.341	1.639	2.867	1.962	11.003	15.352	8.957	6.224	46.708	20.443	20.239	12.604	63.407	32.725	54.455	99.95	2.267	13.54	111.649	176.035

map_599
	XhoI	XhoI	18.537	31.792	14.721	82.565	5.2	10.704	36.614	33.702	3.253	13.036	78.879	14.982	128.167	28.964	4.752	111.421	3.275	26.271	23.657	64.666

map_600
	XhoI	XhoI	5.67	74.389	29.48	24.228	11.026	10.279	26.592	19.307	86.317	36.822	75.886	17.43	27.506	13.91	8.255	1.904	49.673

map_601
	XhoI	XhoI	17.903	41.667	8.025	38.487	34.577	10.677	40.672	36.132	6.206	33.317	75.849	13.835	12.809	15.989

map_602
	XhoI	XhoI	18.528	43.316	29.452	20.001	36.93	39.653	27.075	15.986	20.024	81.263	91.129	57.912	38.245	31.342	17.814	7.178	1.812	5.444	21.666	1.148

