map_1
	XhoI	XhoI	5.027	59.658	45.824	47.224	50.873	16.323	37.827	40.523	17.923	86.507	2.582

map_2
	XhoI	XhoI	13.772	67.378	70.909	2.731	38.104	2.219	3.676	2.906	16.944	62.231	40.126	14.434	43.128	4.503	17.856	8.230	13.320	33.634	45.318	23.708	27.511	31.475	13.542	2.985	22.045	23.161	7.910	14.480	70.082	17.331

map_3
	XhoI	XhoI	7.986	68.796	11.637	45.722	1.760	2.405	1.938	10.907	15.941	15.317	81.789	13.705	12.449	140.241	56.323	46.311	2.185	128.596	68.387	107.617

map_4
	XhoI	XhoI	9.097	32.173	13.938	83.612	15.573	37.804	34.214	3.396	12.744	112.514	10.842

map_6
	XhoI	XhoI	27.816	38.647	118.042	16.682	26.865	14.943	8.006	55.967	3.250	43.934	24.325	4.352

map_7
	XhoI	XhoI	56.479	37.811	11.008	39.635	30.201	25.363	12.897	45.432	55.190	34.379	6.169	17.282	64.648	26.800	17.880	23.872	13.808	17.922	95.658	31.503	67.567	42.934	28.710	29.055	22.952	40.981	23.063	25.612	103.794	108.096

map_8
	XhoI	XhoI	22.443	42.739	51.896	51.957	57.492	55.448	60.559	27.731	14.026	80.884	104.617	2.028	3.588	2.854	15.325

map_9
	XhoI	XhoI	62.236	36.644	23.282	8.670	37.014	4.457	19.911	7.775	12.878	28.064	3.481	26.344	38.328	15.629	28.068	30.398	13.139	5.227	21.768	23.446	12.312	15.157

map_10
	XhoI	XhoI	71.909	22.326	19.806	66.804	15.755	19.624	29.727	2.438	2.244	11.976	24.667	6.372	45.957	10.242	19.763	24.229	21.503	14.414

map_12
	XhoI	XhoI	20.187	151.185	15.363	79.348	5.748	10.133	67.265	3.798	13.295	6.427

map_14
	XhoI	XhoI	29.425	24.664	25.880	10.128	28.620	19.031	44.360	45.718	38.679	91.418	34.881	25.597	20.837	13.475	1.618	55.645	16.570	45.059	36.299	48.880	48.068	8.048	8.198	33.396	28.204	26.890	11.674	48.453	37.750	12.319	33.675	5.038	18.029	43.229	20.414	24.514	13.855	18.136	93.573

map_15
	XhoI	XhoI	48.661	32.338	24.570	25.335	83.824	89.537	75.916	73.286	2.259	31.360	28.496	8.021	3.078	6.178	24.255	25.569	28.319	30.775	30.920	11.628	10.086	28.785	8.981	26.999	19.072

map_17
	XhoI	XhoI	15.066	73.113	70.374	5.019	38.171	3.426	4.344	17.655	63.448	39.094	20.970	4.823	37.227	6.160	5.437	20.109	2.937	12.801	31.765	26.804	32.970	14.147	27.656	29.711	21.660	22.453	26.009

map_18
	XhoI	XhoI	9.240	21.693	70.173	9.769	17.788	67.076	11.780	22.564	35.393	2.328	2.647	11.767	18.703	11.689	8.622	46.664	13.914	30.157	12.498	54.108	33.189	66.284	64.292	41.794	2.175	13.816	113.612	17.524	112.791	114.130	33.064	14.863	79.925	5.074	10.421

map_19
	XhoI	XhoI	30.257	50.044	86.151	31.267	146.331	23.677	78.609	29.520	24.369	68.662	26.592

map_20
	XhoI	XhoI	44.732	29.289	25.479	10.845	3.456	6.742	29.916	107.025	36.281	2.042

map_21
	XhoI	XhoI	32.002	3.035	120.426	39.719	7.555	4.994	31.883	19.281	16.704	10.369	16.944

map_22
	XhoI	XhoI	39.339	30.212	29.888	4.515	15.490	63.396	34.896	13.850	26.258	107.377	24.660	61.865	43.217	31.652	24.374	19.420

map_23
	XhoI	XhoI	40.511	33.385	20.970	20.766	70.061	102.905	58.385	41.860	27.009	21.692	9.298	32.240	23.869	31.384	40.045

map_25
	XhoI	XhoI	9.603	27.644	33.628	20.702	23.396	28.211	7.569	14.871	71.343	9.726	12.782	67.089	20.037	23.818	33.146	2.496	2.736	12.070	15.376	10.768	10.587	48.365	6.415	20.376	23.139	12.534	14.007	50.810	32.747	55.436	73.501	59.055	2.132	22.519	103.143	70.935

map_26
	XhoI	XhoI	41.985	31.557	14.330	85.424	0.634	4.937	10.177	38.478	36.887	13.047	211.303	30.115	28.834	84.661	19.226

map_28
	XhoI	XhoI	26.594	37.313	109.331	3.328	13.452	42.434	7.492	1.732	56.919	3.034	44.412	72.177	41.990	7.914	4.670	32.197	18.652

map_29
	XhoI	XhoI	59.415	13.315	12.526	19.304	8.036	17.670	93.644	25.711	65.587	42.433	28.867	41.094	24.949	31.092	43.991	108.484	83.519	42.396

map_31
	XhoI	XhoI	18.993	4.817	34.186	17.956	59.831	117.058	56.279	2.581	37.927	2.266	6.634	16.512	100.909	22.151	31.772	0.734

map_32
	XhoI	XhoI	5.288	4.160	1.960	11.923	15.776	14.484	45.085	4.125	35.207	12.373	12.452	46.151	36.208	54.243	52.304

map_34
	XhoI	XhoI	128.146	5.244	10.489	40.614	33.123	3.383	14.206	93.091	90.874	66.282	4.872	24.899	83.556	15.824	15.190	98.725	68.390	77.591	13.413	9.434	27.622	32.161	91.090	3.404	14.547	33.384	12.781	3.959	38.055	45.195	33.432	38.830	38.943	8.089	51.185	10.573

map_35
	XhoI	XhoI	42.869	48.980	6.399	31.464	4.519	14.445	57.651	14.876	20.411	18.060	110.101	111.607	27.801	28.321	19.444	26.761	39.528	35.735	15.817	31.513	48.929	85.479

map_37
	XhoI	XhoI	69.689	55.372	2.719	38.038	2.104	3.607	2.962	17.626	62.542	42.850	24.262	6.649	33.318	6.856	5.124	19.224	2.959	15.351	32.961	26.549	37.281	20.473	26.913	30.135	16.992	10.158	20.853

map_38
	XhoI	XhoI	30.232	19.980	71.583	18.183	11.691	65.280	15.930	20.326	30.874	2.916	2.240	11.913	17.112	8.559	6.204	47.870	20.382	19.979	14.781	16.127	59.536	46.184	49.626	53.698	48.760	15.067	143.231	146.484	32.517	14.637	83.868	5.010	10.658	35.230	33.448	100.520	20.367

map_40
	XhoI	XhoI	3.202	7.117	28.253	19.361	50.023	39.094	91.345	56.373	27.080	13.796	7.656	1.678	59.757	17.753	57.794	55.111	18.131	4.684	38.736	18.533	19.190	10.432	42.227	37.855	44.456	4.559	17.856	58.335	54.074	21.596	12.945	8.119	17.947

map_41
	XhoI	XhoI	95.935	24.774	65.538	43.065	87.066	37.256	59.531	45.061	139.634	54.286	39.634	2.221

map_44
	XhoI	XhoI	17.744	4.875	33.470	7.078	5.564	18.879	6.473	13.632	28.435	0.797	26.418	36.991	11.663	27.372	30.121	16.050	4.970	21.728	29.313	12.069	19.681	69.511	18.917	79.814	33.485

map_45
	XhoI	XhoI	276.035	31.700	97.554	14.811	38.220	45.035	87.545	29.992	115.868	30.077	4.889	17.955

map_46
	XhoI	XhoI	85.204	40.260	48.709	67.638	68.704	31.771	29.096	7.034	38.660	51.688	38.828	41.536	88.062	26.954	17.715	6.248	53.925	13.968	44.053	31.997	45.940	56.806	14.304	54.041	10.501	45.028	50.577

map_47
	XhoI	XhoI	19.096	16.345	74.328	12.595	24.517	110.926	24.595	67.195	53.970	27.893	30.564	15.031	27.435	40.251	25.639

map_49
	XhoI	XhoI	52.721	13.032	37.641	2.101	3.618	2.979	17.961	61.358	44.369	19.542	5.424	35.778	3.680	5.270	18.838	2.974	14.266	32.005	3.088	27.686	35.092	16.159	27.790	31.242	15.623	2.993	22.239	24.574	7.749	15.236	71.082	20.643	32.415

map_50
	XhoI	XhoI	27.766	8.734	6.188	50.054	46.830	49.080	33.358	56.220	56.530	48.340	2.102	13.631	118.856

map_52
	XhoI	XhoI	3.339	71.619	101.620	25.191	11.258	3.529	52.483	46.002	36.019	59.616

map_53
	XhoI	XhoI	50.676	3.400	13.472	38.827	9.877	59.515	3.109	66.010	42.467	20.391

map_54
	XhoI	XhoI	40.761	13.812	32.172	18.440	19.280	13.535	44.789	54.786	34.135	7.385	17.020	65.617	27.369	19.488	17.727	19.607	91.594	34.865	66.876	57.921	32.167	26.114	21.211	27.868	48.978	34.534	25.400	24.602	101.659	91.056	40.003	18.587	30.203	24.928	16.590	8.846	24.636	24.998	30.863	28.076	25.673	8.598	7.232	25.134	1.391	5.118	28.430	11.117	29.877	56.309	61.033	54.565	30.852	39.048	4.933	39.407	31.434	60.934	38.027	22.098	85.183

map_56
	XhoI	XhoI	6.106	27.247	42.239	51.217	64.592	25.068	37.800	4.956	36.198	30.756	31.154	42.354	28.502	67.859	63.421	2.757	37.811	4.614	9.177	17.641	59.233	36.947	27.856	7.013	33.998	5.200	5.171	19.889	4.470	12.088	30.731	13.433	25.166	33.043	9.536	27.288	34.102	17.690	4.397	22.080	26.747	12.468	18.304	69.797	9.535	12.060	68.739	35.462	35.067	4.170	4.767

map_57
	XhoI	XhoI	1.109	6.005	43.211	4.140	15.081	46.002	51.188	36.564	55.580	53.000	48.714	11.027

map_60
	XhoI	XhoI	22.168	110.524	3.487	55.008	7.804	1.874	58.643	3.103	41.244	24.164	45.681	48.581	4.622	31.903	19.778	20.153

map_61
	XhoI	XhoI	10.589	45.595	46.385	12.518	27.276	6.077	72.203	21.422	14.320	21.931	9.819	21.427	93.867	24.708	63.105	42.756	38.995	26.703	36.975	19.081	42.951	29.381	37.816	46.619	43.332	110.668	81.581	44.899

map_63
	XhoI	XhoI	7.030	4.650	53.002	86.852	14.530	133.570	2.802	36.382	2.168	3.560	2.890	69.582

map_64
	XhoI	XhoI	72.184	9.751	15.882	66.844	20.054	18.450	34.854	2.821	2.439	12.224	15.552	8.476	6.207	46.225	4.261	19.816	20.010	12.094	12.392	50.951	39.891

map_65
	XhoI	XhoI	55.940	69.712	2.243	117.475	91.092	14.647	78.715	5.382	10.259	71.149	14.827	47.353	97.754	112.418	28.085	28.201	136.965	70.159	68.856	57.424	20.659	83.488	28.582

map_66
	XhoI	XhoI	9.821	34.711	74.565	3.523	13.353	42.814	7.722	2.035	57.898	21.896

map_67
	XhoI	XhoI	42.562	37.082	19.500	44.026	4.658	14.144	68.319	25.253	24.837	19.398	16.809	18.233	90.161	24.914	74.355	28.383	20.264	24.907	25.398	42.736	25.575	20.128	31.533	45.444	49.799	102.344

map_69
	XhoI	XhoI	61.717	49.291	25.913	9.496	35.427	4.933	5.694	16.893	3.761	13.000	31.824	9.118	26.482	37.304	15.628	27.750	32.796	18.949	5.871	22.423	28.174	6.769	17.206	75.341	22.387	74.056	11.655	24.316	28.543	2.288	2.917	11.961	15.321	8.913	8.344	49.807	6.952	15.689	22.668	17.768	15.650	45.915	34.199	62.014	59.940	54.085	13.518	12.135	114.895	122.844	117.216	32.281	104.165	5.021	10.455	42.360	43.374	6.694	11.716	95.127	89.889	85.210	5.143	24.407	4.786

map_70
	XhoI	XhoI	77.823	25.454	24.026	67.494	71.351	27.149	36.428	9.910	49.357	43.370	40.554	21.022

map_71
	XhoI	XhoI	7.686	3.022	44.873	25.479	43.641	41.787	7.945	4.603	49.131	24.035	43.426	37.359	6.535	31.085	18.100	7.267

map_73
	XhoI	XhoI	26.234	28.207	19.416	14.649	21.656	40.535	26.118	36.033	78.387	88.105	9.337

map_75
	XhoI	XhoI	6.953	11.097	123.140	51.824	16.393	38.427	42.371	17.694	88.714	13.955	16.070

map_76
	XhoI	XhoI	53.562	36.565	33.520	11.652	37.452	3.718	5.866	19.510	8.608	14.384	28.662	4.194	26.322	37.041	14.658	27.501	33.207	17.549	7.984	22.330	28.492	7.022	17.394	74.117	21.689	14.257	62.831	17.951	22.308	32.602	2.229	2.678	12.054	15.405	8.868	8.264	46.711	4.214	15.043	20.811	18.691	14.067	52.327	33.303	67.654	71.920	50.978	5.743	20.158	111.850	114.581	132.300	31.884	92.092	0.678	4.273	10.523	21.011	18.556	15.951

map_78
	XhoI	XhoI	44.730	9.051	2.877	28.556	22.118	51.166	63.938	135.927	16.967	29.334	15.957	8.946	5.444	57.478	3.169	45.141	30.269	49.594	59.442	8.377	32.268	35.503	17.560	10.595	50.249	39.413	12.835	36.777	4.566	14.836	70.266	40.685	14.734	18.747

map_79
	XhoI	XhoI	17.000	49.297	14.578	20.388	65.187	14.927	21.247	45.796	34.607	73.114

map_81
	XhoI	XhoI	70.050	66.997	8.179	40.176	2.117	3.579	2.906	16.820	63.833	39.635	27.518	12.873	34.256	4.272	4.449	20.506	7.267	20.737	17.606	26.326	38.559	9.503	27.369	28.489	23.327	7.078	22.370	28.648

map_82
	XhoI	XhoI	6.862	16.660	71.769	16.763	11.319	66.881	11.660	18.264	29.136	2.449	2.661	11.728	17.397	10.910	8.455	45.694	4.437	17.913	22.434	12.474	14.605	55.397	37.493	73.731	61.111	44.971	13.016	19.811	146.926

map_83
	XhoI	XhoI	126.162	14.604	77.547	0.540	5.066	9.739	38.551	32.718	114.583	15.911	9.150

map_84
	XhoI	XhoI	31.063	22.900	117.465	23.519	69.102	67.426	30.469	24.267	10.954	38.107	19.984	46.983	40.490	36.668	23.239

map_85
	XhoI	XhoI	25.826	14.350	32.561	6.095	58.476	27.347	46.107	24.915	52.977	13.937	32.389	27.811	17.481	10.509	47.935	37.953	6.368	29.509	8.864

map_87
	XhoI	XhoI	36.129	29.194	19.236	38.722	40.306	25.631	37.297	45.993	36.176	81.598

map_89
	XhoI	XhoI	42.517	13.115	57.448	40.458	73.969	66.838	2.644	38.584	4.437	23.363	54.615	33.127	20.041	9.641	29.659	3.505	5.121	20.148	7.084	15.119	32.481	10.656	26.028	36.930	14.924	27.930	27.493	18.586	7.162	20.559	25.314	20.999	71.459	10.038	16.921	64.640	18.773	20.328	30.382	1.903	2.684	11.684	18.470	12.471	6.199	45.324	5.309	19.991	25.377	15.809	19.173	44.750	33.723	55.154	69.017	44.875	10.220	13.165	130.839	45.463	114.676	52.443	14.618	83.031	5.104	10.384	37.191	41.894	19.476	77.023

map_90
	XhoI	XhoI	82.698	173.704	34.658	32.378	3.265	6.992	28.493	24.297	53.867	39.038	153.316	11.813	34.307	31.495	11.302	7.786	3.736	59.036	37.140	32.735	44.594	49.422	20.859	10.680	31.622	27.365	20.216	10.477	50.124	37.651	7.316	32.709	77.917	20.070	14.524	20.463	9.959	18.104

map_91
	XhoI	XhoI	49.828	20.224	20.158	45.286	138.429	80.550	40.427	2.265	26.283	17.708	23.385	1.779	5.733	30.444	43.731	28.077

map_93
	XhoI	XhoI	34.651	75.227	67.318	5.881	37.726	2.106	3.685	2.989	17.661	62.759	54.751	19.173	39.590	5.601	5.626	17.934	4.014	12.900	29.748	28.674	39.113	16.348	27.151	31.844	17.653	3.834	21.133	26.436	10.797	17.708	75.534	11.550	35.842	44.671	23.421	28.846	2.714	2.425	11.832	16.595	10.616	7.756	46.521	4.568	20.199	23.703	21.145	14.733	52.669	33.832	51.351	65.803	46.142	7.029	17.731	107.551	86.156

map_95
	XhoI	XhoI	104.034	2.977	46.800	136.570	29.548	24.511	10.597	3.404	7.016	29.189	62.720	75.101	2.495

map_96
	XhoI	XhoI	75.821	3.274	13.328	24.719	14.263	8.495	53.304	49.221	24.438	83.344	8.130	4.480	32.613	17.489	29.440	42.789	1.943

map_97
	XhoI	XhoI	35.052	6.859	29.049	4.427	15.214	73.833	12.920	20.033	8.546	18.318	91.264	25.019	12.139

map_98
	XhoI	XhoI	60.027	55.250	58.393	25.223	21.098	40.170	32.916	25.852	19.765	49.537	52.163	111.007	76.442	40.662	2.293	27.357	22.929	13.239	1.765	5.572	24.519	25.630	27.962	29.153	29.190	10.504	33.249	26.893

map_99
	XhoI	XhoI	33.165	9.523	27.335	32.766	15.059	12.603	22.514	27.557	12.729	17.325	73.299	17.159	14.735	67.190	24.757	23.830	31.464	2.743	2.735	11.404	15.993	11.359	9.575

map_100
	XhoI	XhoI	43.348	4.295	35.829	12.724	12.810	50.988	89.578	95.416	14.977	97.830

map_101
	XhoI	XhoI	78.056	97.066	0.578	15.857	37.890	39.834	13.261	88.475	15.137	16.258	101.687

map_102
	XhoI	XhoI	14.390	29.322	4.815	110.420	3.122	50.409	63.609	68.935	73.565	6.743	48.865	81.858	35.386	79.652	13.355	27.560	13.460	7.860	1.463	61.736	69.279	43.670	39.438	7.912	4.519	20.965

map_103
	XhoI	XhoI	26.169	52.894	37.450	6.402	29.073	4.304	13.353	60.189	13.262	12.357	19.212	8.309	0.887

map_104
	XhoI	XhoI	16.531	89.366	90.163	44.438	29.290	19.590	37.973	39.731	25.409	15.439	41.365

map_105
	XhoI	XhoI	68.619	90.394	72.134	61.241	29.047	25.407	12.920	1.755	5.420	24.574	23.551	33.773	24.091	33.969	11.241	7.965	24.249	10.326	24.315	20.884	26.439	51.548	54.577	58.778	23.373	41.405	51.029	16.993	57.605	54.612	2.718	37.254	3.279	5.324	16.314	75.305

map_107
	XhoI	XhoI	20.001	28.169	13.907	2.849	22.732	24.034	94.414	9.423	10.669	61.374	1.902

map_108
	XhoI	XhoI	22.542	36.084	3.613	12.395	17.410	6.127	46.666	4.768	25.229	19.508	15.788	19.056	51.444	41.190	65.495	56.215	56.338	9.319	13.815	115.771	67.636

map_109
	XhoI	XhoI	116.533	68.552	109.276	4.978	10.547	37.652	32.065	10.624	63.710	65.640	122.619	65.518	109.807	3.100	14.608	3.401	122.626	68.080	30.698	22.803	10.955	8.296

map_110
	XhoI	XhoI	37.641	20.080	82.995	35.821	78.530	3.296	12.785	41.504	8.137	1.559	58.574	3.009	39.012	67.261	14.232

map_111
	XhoI	XhoI	24.674	8.007	4.352	50.200	17.121	51.832	40.899	6.566	30.021	4.620	79.238	14.041	12.451	19.101	7.997	16.751	5.532

map_116
	XhoI	XhoI	60.616	42.871	33.532	9.165	34.298	16.276	5.398	12.908	32.794	26.745	38.907	15.094	27.364	32.525	16.873	5.478	22.193	26.794	12.669	15.548	74.824	18.707	10.094	65.523	23.771	28.302	28.577	4.526	4.586	11.819	17.758	11.436	46.562	4.255	15.707	24.618	17.044	14.407	50.885	49.249	53.771	66.043	49.073	14.770	40.322	97.916	97.666

map_118
	XhoI	XhoI	47.660	3.175	26.225	25.227	68.398	79.884	29.296	30.487	11.018	13.519	12.137	40.843	42.695	39.458	115.831	24.300	28.590	18.117	9.153	60.229	43.323	29.296	42.888	42.638	5.414	37.593	23.247	12.474	45.537

map_119
	XhoI	XhoI	34.457	6.219	34.048	15.690	57.131	13.365	12.826	19.530	119.543	24.586	38.287

map_120
	XhoI	XhoI	27.086	42.530	60.497	21.172	60.244	14.429	20.156	45.803	35.662	54.125

map_122
	XhoI	XhoI	37.742	14.911	27.254	32.362	20.587	22.899	26.972	13.217	15.360	73.111	16.035	70.933	16.293	21.807	32.478	2.145	2.763	11.914	17.279	11.151	7.600	45.835	7.017	19.055	16.028	48.820	34.039	56.104	55.423

map_123
	XhoI	XhoI	49.524	14.122	113.817	90.443	119.597	63.643	14.997	85.446	15.884	37.258	45.399	3.435	25.230	98.026	16.768	135.700	28.630	78.698	123.751	97.158	24.648	22.195	2.262

map_124
	XhoI	XhoI	29.440	24.561	55.080	56.715	43.716	77.976	16.366	33.911	21.354	12.565	4.196	56.760	20.482	44.621	25.154	55.112	61.063	13.538	46.762	25.585	10.342	45.117	46.816	6.345	27.926	4.576	16.402	62.327	22.324	13.551	20.964	10.432	20.900	92.465	24.650	59.466

map_125
	XhoI	XhoI	19.036	73.422	19.537	14.465	21.043	41.414	25.414	14.848	20.420	11.663

map_126
	XhoI	XhoI	4.939	35.372	17.465	65.735	31.092	17.752	73.105	56.692	9.913	39.201	3.786	17.808	61.794	40.226	27.814	48.828	3.763	15.459	9.233	13.027	31.871	5.781	27.663	34.663	16.109	27.965	32.910	25.667	6.521	16.652	21.680

map_127
	XhoI	XhoI	15.750	1.756	2.545	1.807	11.977	15.390	14.867	45.120	19.246	20.125	25.892	48.088	33.838	57.979	20.718

map_129
	XhoI	XhoI	7.357	46.797	77.179	4.919	46.390	36.833	98.545	15.091	15.679	149.572	24.824	86.308	3.220	25.779	24.534	89.612

map_130
	XhoI	XhoI	70.893	51.612	24.801	28.956	3.309	7.593	27.908	25.086	72.510	52.155	79.390	55.346	29.976	1.718	59.463	3.100	44.168	66.267	7.588	32.372

map_131
	XhoI	XhoI	2.840	18.861	17.333	10.946	42.580	37.494	35.313	4.405	15.394	58.175	13.724	12.343	22.301

map_132
	XhoI	XhoI	4.439	17.843	89.110	92.859	43.131	30.016	19.863	14.311	60.827	18.745

map_133
	XhoI	XhoI	79.130	81.151	43.800	27.549	38.556	6.241	6.598	23.656	23.708	31.332	52.850	8.664	6.746	24.875	1.448	5.178	34.588	60.705	51.237	52.474	16.616	37.015

map_135
	XhoI	XhoI	67.735	40.047	19.454	36.749	3.576	4.438	18.540	2.723	13.364	28.387	0.820	26.311	5.281

map_136
	XhoI	XhoI	31.804	19.532	29.427	25.643	15.781	22.189	27.757	11.289	14.688	73.106	13.104	11.879	66.760	23.843	18.566	30.639	2.573	2.467	11.986	16.339	14.530	6.227	46.388	4.311	15.011	23.105	17.072	12.455	53.012	50.185	54.253	55.618

map_137
	XhoI	XhoI	66.281	2.003	13.614	108.269	63.741	109.136	36.402	85.591	5.143	11.380	37.209	18.848	68.357	57.764	108.700	82.207	37.897	84.896	52.781	73.759	65.802	29.752	34.272	3.319	6.957	50.147	44.289	37.541	116.852	3.376	13.877	48.933	1.570	62.985	41.744	49.074

map_138
	XhoI	XhoI	53.549	26.792	13.042	31.874	18.394	16.681	24.181	38.914	41.207	9.188	31.545	66.214	36.009	24.551	11.784	22.031	96.094	24.776	64.955	54.066	28.313

map_141
	XhoI	XhoI	28.752	22.003	2.820	22.129	36.007	12.843	19.776	70.570	12.031	69.186	14.757	18.766	32.302	2.556	2.573	11.556	15.544	8.755	7.628	45.864	8.057	17.541	21.247	21.995	16.981	52.648	39.590	70.092	62.956	67.033	118.987	95.771	115.444	31.074	45.225	88.894	5.148	10.237	37.630	32.430	28.098	110.170	9.839

map_142
	XhoI	XhoI	141.039	24.258	71.361	75.253	29.092	25.527	14.805	7.111	29.348	18.276	85.498	116.804	3.500	41.166	13.274	7.816	1.825	21.320

map_143
	XhoI	XhoI	37.677	46.470	23.847	82.373	8.157	4.923	27.946	18.726	17.497	45.421

map_144
	XhoI	XhoI	66.087	26.002	21.336	7.931	17.881	93.313	24.927	64.281	49.143	29.009	21.061	19.121	45.536	41.545	15.354	24.678	46.650	50.551	117.322	90.433	62.678	10.750	27.313	20.676	7.638	1.841	11.646

map_145
	XhoI	XhoI	50.310	21.768	40.202	9.987	35.348	18.731	58.421	28.691	20.928	72.242	55.739	2.724	37.394	2.108	3.587	2.927	17.908	60.216	36.404	19.396	4.817	33.753	3.650	7.679	20.109	14.931	31.343	7.970	26.572	39.833	16.762	28.385	28.072	20.966	9.468	13.750	22.940

map_146
	XhoI	XhoI	47.242	24.779	64.415	11.928	18.833	28.631	1.720	2.638	1.885	11.284	19.649	13.932	6.146	46.112	4.305	15.276	20.419	22.520	64.432	34.015	52.439	51.997	47.527	1.839	36.045

map_147
	XhoI	XhoI	306.677	15.297	101.109	38.367	35.895	13.092	85.074	14.825	120.797	28.445	5.007	23.528	45.178

map_148
	XhoI	XhoI	58.446	49.867	36.201	78.391	15.598	29.217	17.565	7.835	3.775	60.293	44.826	33.790	56.086	41.522	8.863	33.894	26.634	16.784	10.641	43.868	44.135	11.403	34.608	4.602	14.292	65.319	27.441	17.283	22.585	14.553	19.045	95.400	24.296	65.633	55.102	29.616

map_149
	XhoI	XhoI	21.248	26.759	25.918	48.909	31.592	17.772	22.134	48.553	100.273	94.116	61.103	2.250	31.843	17.988	16.633	1.748	5.590	25.781	27.621	27.275	23.900	29.121	8.119	29.922	1.379	4.987	34.555	33.118	54.769

map_151
	XhoI	XhoI	59.567	39.452	16.374	71.468	65.521	4.902	38.003	3.545	4.331	17.505	59.290	40.935	26.436	6.382	35.531	4.670	5.604	16.507	5.732	13.003	30.538	26.605	39.582	17.867	27.239	32.748	22.809	2.761	21.987	26.382	12.135	18.687	73.284	19.496	11.934	66.695	11.762	27.052	34.069	4.583	4.231	11.729	16.143	12.800

map_152
	XhoI	XhoI	12.846	53.305	47.953	2.278	120.237	180.127	32.681	15.420	75.756	0.548	5.114	88.010	12.025	26.992

map_154
	XhoI	XhoI	14.704	20.647	84.339	34.615	78.572	14.147	41.924	7.601	1.628	62.751	46.723	3.786

map_155
	XhoI	XhoI	26.289	43.967	48.414	17.302	28.753	26.910	10.528	44.369	48.704	15.146	34.609	8.453	20.923	13.157	24.184	8.121	18.068	94.527	34.932	66.911	49.008	30.595	26.581	43.778	34.910	22.394	23.651	41.102	37.960	102.762	69.706	41.539	2.309	30.621	25.878	22.928	6.358	24.844	24.852

map_157
	XhoI	XhoI	62.072	39.770	20.976	67.041	63.867	2.771	37.855	2.092	3.595	2.938	17.816	61.459	45.900	19.339	5.090	36.884	3.677	5.577	17.854	3.662	13.907	32.945	24.007	29.392	18.910	27.496	34.107	22.072	8.958	22.203	27.581	14.383	18.787	74.577	24.438	11.674	68.132	11.849	26.742	33.096	3.924	3.840	11.852	15.982	11.134	8.469	46.723	6.696	18.095	23.095	12.303	22.151	53.437	39.780	57.778

map_158
	XhoI	XhoI	58.193	48.017	1.906	13.574	95.707	191.546	31.404	91.970	5.558	10.064	68.357	15.966	28.114

map_161
	XhoI	XhoI	9.710	37.066	36.267	72.774	3.352	14.443	26.562	13.097	9.410	63.846	73.123	29.313

map_162
	XhoI	XhoI	38.929	41.839	8.706	56.834	22.161	10.657	42.926	42.245	20.890	32.407	6.467	14.891	64.448	33.112	18.750	24.212	9.482	17.947	94.502	24.736	65.671	49.315	42.491	19.901	15.044	28.222	47.860	31.394	25.025	20.145	44.881	48.896	118.942	110.707

map_164
	XhoI	XhoI	61.788	41.827	19.637	5.217	36.067	8.254	5.166	19.106	8.119	13.960	28.323	1.073	26.456	39.776	14.375	27.094	29.520	15.102	7.354	22.297	27.467	13.466	17.365	73.613	23.594	14.709	67.520	20.839	27.437	35.086	1.596	2.325	2.996	11.095	15.516	8.148	7.696	46.336	10.076	15.573	19.457	17.376	12.444	55.444

map_166
	XhoI	XhoI	97.884	28.288	81.353	5.310	11.275	37.202	28.363	14.907	85.532	14.472	15.818	20.669	84.498	3.078	25.392	40.107	69.070	51.819	56.689	26.915	9.927	53.588	35.895	79.258	14.771	42.743	9.561	61.334	44.089	61.481	58.943	10.051	32.319	51.781	10.441	43.393

map_167
	XhoI	XhoI	51.166	14.118	12.645	27.240	18.005	95.503	134.812	26.303	35.556	63.460	27.032	15.777	21.916	78.927	13.588

map_168
	XhoI	XhoI	74.294	56.372	42.358	44.451	7.864	1.897	5.309	24.114	49.723	23.859	27.590	8.117	6.866	25.352	1.347	5.219	28.500

map_170
	XhoI	XhoI	39.326	12.198	44.653	22.378	63.650	42.576	20.802	74.148	65.790	6.493	38.307	3.393	17.697	61.294	41.303	28.808	7.797	36.311	3.810	5.670	16.912	5.191	13.125	31.673	27.565	39.092	16.417	27.841	32.751	23.182	7.531	22.019	29.907	13.197	19.063	71.676	29.809	29.802	49.569

map_171
	XhoI	XhoI	12.621	47.698	4.124	14.223	19.051	77.127	33.959	117.147	49.296	2.068	13.697	114.088	64.247	144.957	93.821	0.785	15.151	37.243	30.751	55.896

map_172
	XhoI	XhoI	50.245	28.184	4.658	104.778	3.170	25.656	24.313	172.449	23.504	11.508	3.441	6.728	30.081	91.563

map_173
	XhoI	XhoI	14.983	76.792	3.608	39.998	13.780	7.983	1.656	54.772	3.267	45.287	25.477	43.646	38.541	13.564	32.525	18.878	17.282

map_174
	XhoI	XhoI	11.567	49.057	49.161	30.606	4.639	14.619	67.980	26.627	21.434	21.600	10.163	18.933	94.802	31.585	65.190	42.595	39.001	26.367	20.897	43.452	46.814	26.243	45.070	121.654

map_175
	XhoI	XhoI	57.845	28.792	14.209	73.860	52.010	2.738	38.984	2.833	4.541	17.396	94.322	18.618	4.801	40.103	3.758	22.573	14.448	13.979	34.257	27.368

map_176
	XhoI	XhoI	27.901	23.430	34.710	13.419	5.846	22.243	24.290	7.048	15.898	75.727	19.301	10.317	63.253	67.562	32.182	1.478	2.316	1.803	13.693

map_179
	XhoI	XhoI	22.799	15.273	38.495	34.889	103.376	31.958	142.170	4.895	108.310	3.177	23.750	24.729	138.299	55.899	11.238	2.790	6.576	28.539	19.730	42.585	37.391	26.315

map_180
	XhoI	XhoI	8.504	80.583	3.415	14.037	40.862	7.348	1.379	63.934	69.639	44.304	4.588

map_181
	XhoI	XhoI	43.776	4.623	33.862	17.915	17.540	11.051	43.395	40.392	32.360	14.571	61.426

map_182
	XhoI	XhoI	15.539	12.792	23.514	7.962	20.684	88.834	75.773	42.530	29.804	20.647	15.376	26.044	42.312	25.888	15.289	21.403	7.517	45.969	61.553

map_183
	XhoI	XhoI	113.042	90.103	15.314	47.282	8.273	5.495	22.997	23.604	35.671	23.733	25.826	8.691	6.697	24.939	5.668	24.150	17.062	26.968	94.928	51.916	32.578	40.418	39.585	10.408

map_184
	XhoI	XhoI	59.254	21.732	31.278	42.821	17.262	54.048	36.110	13.477	70.611	54.964	2.688	37.678	2.129	3.718	2.921	17.706	62.222	41.413	24.099	7.443	32.586	8.371	4.903	19.355	4.250	13.335	28.152	0.781	26.965	43.011	9.864	27.591	35.074	13.104	3.174	21.742	32.239

map_185
	XhoI	XhoI	6.918	14.534	71.787	9.720	11.639	74.498	46.900	2.493	3.023	11.149	16.512	10.438	7.025	45.181	9.849	15.015	20.306	12.675	12.620	82.067	50.448	54.585	47.165	15.315	13.081	113.701	52.583	119.529	33.020	29.618	87.376	14.419	64.852	3.472	12.729	42.039

map_187
	XhoI	XhoI	69.755	40.892	41.660	18.813	12.166	6.363	28.121	19.394	45.123	46.987	50.537	98.012	48.479	29.277	19.925	9.750	61.751	45.077	31.807	75.780	21.543	4.635	32.197	36.093	10.611	50.624	44.327	12.460	31.544	49.633	28.904	13.096	19.069	20.130

map_188
	XhoI	XhoI	18.684	27.323	20.813	13.995	64.592	23.909	16.230	96.467	147.984	17.666

map_191
	XhoI	XhoI	59.220	35.679	23.937	11.598	35.079	4.789	13.328	28.359	1.001	26.251	40.262	14.847	27.576	31.930	18.299	6.370	22.334	27.867	14.694	14.753	73.070	21.708	14.307	67.514	23.448	23.672	34.441	2.728	2.558	11.950	15.398	7.819	7.745	46.437	8.553	18.377	22.356	24.585

map_192
	XhoI	XhoI	5.202	12.676	47.081	86.169	106.677	131.930	61.510	157.642	14.433	88.239	2.878	51.181	34.050	16.746	92.127	14.040	16.459	116.997	42.729	93.072

map_193
	XhoI	XhoI	25.415	3.212	50.448	68.015	66.310	31.703	24.723	10.792	9.685	49.004	10.128

map_195
	XhoI	XhoI	4.582	15.564	71.418	12.792	22.532	23.067	8.347	18.038	93.009	40.341	76.325	41.671	42.927	26.010	14.825	21.651	40.321	25.593	15.577	27.940	62.135

map_197
	XhoI	XhoI	11.286	29.572	85.977	51.567	2.574	37.858	2.112	3.690	2.728	17.386	60.861	54.189	10.437

map_198
	XhoI	XhoI	34.125	23.008	3.010	13.086	30.987	6.625	25.951	38.232	9.665	28.538	28.629	20.839	7.308	22.543	24.403	52.470

map_199
	XhoI	XhoI	4.316	49.519	6.017	26.204	15.177	47.197	4.118	14.380	19.925	13.501	12.707	53.407	36.427	111.626	46.517	2.271	120.158	66.727	55.051

map_200
	XhoI	XhoI	179.054	4.833	10.296	38.017	32.799	3.276	13.076	99.115	16.099	112.451	29.678	28.232	83.689	24.856	9.089

map_201
	XhoI	XhoI	121.128	62.975	24.689	11.003	3.359	6.817	28.164	70.711	60.345	36.500	77.564

map_202
	XhoI	XhoI	0.804	13.936	39.674	8.123	1.699	62.639	44.354	24.637	40.682	42.723	6.874

map_203
	XhoI	XhoI	1.350	4.777	30.286	19.551	28.578	42.566	35.860	35.918	4.511	14.899	58.398	13.224	13.352	18.838	8.439	17.657	38.943

map_204
	XhoI	XhoI	49.586	24.835	61.134	70.857	19.642	36.203	41.765	24.544	37.975	44.871	35.882	90.059	94.802	1.930	27.971	25.409	1.811	5.077	23.207	20.384

map_206
	XhoI	XhoI	28.967	26.518	13.196	22.178	29.388	15.687	14.705	73.046	21.512	11.580	66.304	16.125	25.461	33.996	2.139	3.059	11.734	16.144	11.931	8.900	46.172	11.090	21.525	56.424	41.962	53.449	49.440	67.870

map_207
	XhoI	XhoI	18.439	2.189	13.154	186.370	116.791	42.168	78.629	0.610	16.513	35.560	34.489	13.029	225.565	57.812	84.275	2.957	25.177	26.047	26.862

map_209
	XhoI	XhoI	104.573	8.154	4.515	30.896	19.146	16.512	10.390	40.711	36.200	5.476

map_210
	XhoI	XhoI	70.686	25.313	67.678	40.304	29.120	34.530	99.669	21.051	47.454	36.648	87.972	0.537

map_212
	XhoI	XhoI	60.187	39.941	28.475	7.638	33.807	5.831	5.540	19.312	2.978	14.322	32.394	11.025	26.501	33.385	9.563	27.458	29.034	13.685	2.816	22.014	27.064	15.960	17.647	73.631	20.327	10.719	66.962	18.504	18.690	35.165	2.036	3.328	11.882

map_213
	XhoI	XhoI	2.361	23.613	6.457	48.136	15.843	18.851	13.680	12.098	49.046	32.626	116.074	27.384

map_215
	XhoI	XhoI	18.244	33.420	35.229	81.640	5.347	10.235	35.842	33.837	14.763	93.109	41.280	22.931	115.847	31.788	31.427	87.552	3.215	26.315	30.748	69.015	69.170	16.285	55.254	124.871	34.713	13.905	16.620	3.043	58.435	45.645	62.590	52.646	20.702	13.296	31.242	26.879	18.968	12.216	44.433	38.058	16.697	30.265	4.575	69.482	25.363	14.197	21.891	8.165	18.233

map_216
	XhoI	XhoI	88.792	96.466	43.321	30.134	18.883	15.070	21.141	65.203	14.911	20.395	17.902

map_217
	XhoI	XhoI	105.590	65.881	39.256	2.370	34.298	21.818	13.524	1.798	5.565	25.466	26.360	27.563	31.346	36.375	8.643	6.736	26.067	14.940	24.631	19.002	65.706

map_219
	XhoI	XhoI	2.889	22.373	28.395	13.935	14.744	73.937	9.521	10.355	64.217	25.535	24.442	31.876	2.449	2.738	11.788	15.374	8.921	8.569	46.383	4.262	14.994	25.138	18.390	12.396	53.029	46.455	55.896	56.541	40.889

map_221
	XhoI	XhoI	47.362	23.898	15.179	6.923	29.724	20.014	43.030	40.540	38.113	73.907	15.771	28.986	14.313	7.085

map_222
	XhoI	XhoI	58.465	3.280	46.648	67.610	39.853	8.061	7.382	32.008	18.515	17.798	10.403	43.275	36.447	32.421	15.894	14.538	66.638	11.918	42.827	19.337	24.226

map_223
	XhoI	XhoI	79.670	38.522	79.408	57.474	43.026	24.793	26.271	24.660	42.707	25.677	15.609	72.427	40.723	2.413	31.293

map_224
	XhoI	XhoI	2.686	38.022	3.677	4.523	16.706	62.339	44.406	28.810	8.813	36.497	6.056	5.513	18.992	6.365	13.626	31.915	28.835	41.398	16.127	27.930	29.945	21.304	5.741	21.533	31.866

map_225
	XhoI	XhoI	8.602	17.107	74.893	19.959	10.391	67.392	28.474	18.526	28.640	2.436	2.656	11.862	15.579	8.559	6.131	47.754

map_226
	XhoI	XhoI	4.881	45.499	12.275	49.848	34.703	73.899	2.121	116.309	107.137	130.125	33.042	14.561	82.178	23.709	9.258	28.530	31.011	84.927	29.162	48.240

map_227
	XhoI	XhoI	38.398	3.178	26.867	87.057	68.663	29.537	25.039	13.749	92.866	71.043	82.030	3.366	13.030	41.978	8.157	1.685	56.750	4.552	38.233

map_228
	XhoI	XhoI	26.569	50.476	42.127	9.793	31.571	18.183	22.063	10.291	46.698	45.349	13.825	37.786	8.001	14.381	63.967	22.887	26.412	23.614	8.115	18.126	97.636	41.761

map_230
	XhoI	XhoI	119.461	150.080	2.267	27.916	22.774	7.634	3.347	5.442	23.576	50.287	24.253	33.666	13.893	6.831	29.632	11.315	26.544	44.040	67.755	51.025	16.538	41.482	5.210	35.216	29.200	58.503	33.359

map_231
	XhoI	XhoI	50.771	49.809	34.447	44.509	6.424	34.908	20.456	59.953	40.687	32.760	75.200	65.539	8.276	37.588	3.968	4.173	17.561	61.822	37.010	31.187	7.097	34.287	3.972	15.709	10.242	12.941	28.729	26.696	39.356	9.527	27.162	30.827	18.529	16.840	75.251

map_232
	XhoI	XhoI	73.989	53.585	54.400	43.692	16.060	116.401	69.576	142.935	94.453	4.900	41.816	34.387	12.832	38.075

map_233
	XhoI	XhoI	51.526	13.870	14.867	106.349	29.635	4.903	116.624	50.790	67.440	102.857	39.570	6.925	27.041	3.227

map_234
	XhoI	XhoI	9.048	71.020	41.843	7.953	4.616	31.919	19.081	16.752	54.559	28.086

map_235
	XhoI	XhoI	28.493	22.271	13.977	24.269	9.453	17.977	93.675	25.105	63.905	42.857	28.493	26.614	15.000	51.340	38.561	22.162	21.338	48.192	126.758	63.904	48.767	5.847	27.780	26.435	18.926	12.305	24.146	24.946	31.369	33.870	34.843	9.530	27.188	18.375	27.301	67.726

map_237
	XhoI	XhoI	41.306	9.523	27.937	28.791	18.409	24.234	24.283	6.967	15.777	71.273	9.491	10.378	63.692	30.807	46.446	1.905	3.138	11.698	17.772	10.911	47.845	51.372	19.982	12.908	12.075	60.975	44.559	54.166	54.300	48.513	1.971	13.753	116.776	118.223	32.940	15.330	80.514	0.658	2.487

map_238
	XhoI	XhoI	12.497	3.699	13.474	102.092	16.150	105.701	27.845	30.055	87.941	126.325	6.643

map_240
	XhoI	XhoI	7.943	1.652	59.782	46.293	25.147	44.815	40.858	27.736	4.612	31.864	26.982	22.571	57.014	41.663	12.286	29.571	4.599	24.493	12.749	22.604	10.635	19.642	92.878	52.195	60.910	43.640	29.254	61.210

map_241
	XhoI	XhoI	21.726	15.734	20.698	46.511	37.870	88.159	94.046	2.299	54.337	5.801	19.754

map_243
	XhoI	XhoI	21.666	18.573	4.918	30.749	3.759	22.892	2.837	12.940	29.384	27.353	32.613	10.175	27.499	44.285	2.631	21.765	22.479	7.045	14.511	24.178

map_244
	XhoI	XhoI	30.199	13.483	61.780	32.541	148.720	15.142	118.953	220.232	15.296	80.388	15.597	35.836	13.834

map_245
	XhoI	XhoI	113.270	26.529	4.935	25.421	83.833	29.736	96.229	68.344	64.915	2.994	7.729	28.296	29.073	91.235	36.016	94.665	7.136	14.712	27.457	13.850	9.778	5.950	59.083	45.938	24.951	43.816	34.109	38.366	9.293	53.765	22.414	10.610	45.313	46.445	19.762	32.463	8.212	14.339	62.610	19.206	13.984	23.615	12.734	18.270	93.471	35.173	76.463

map_246
	XhoI	XhoI	53.357	28.872	53.717	39.367	24.650	15.250	22.601	44.281	36.284	42.918

map_248
	XhoI	XhoI	6.131	5.093	35.447	16.929	58.442	44.887	73.511	56.951	3.009	39.642	2.199	3.703	123.188	8.186

map_249
	XhoI	XhoI	16.906	34.288	3.695	4.475	18.054	6.466	13.056	29.312	6.363	26.556	40.455	9.653	27.302	29.102	17.452	7.631	24.730	22.168	6.973	14.716	77.215

map_251
	XhoI	XhoI	7.340	14.246	76.281	53.446	33.795	16.797	89.685	14.528	16.810	131.892	30.264	39.232

map_252
	XhoI	XhoI	51.142	24.729	150.202	30.456	24.343	10.845	3.348	7.137	99.017	40.672	36.622	73.657

map_253
	XhoI	XhoI	15.877	29.622	23.684	7.744	57.925	9.650	44.802	31.218	48.772	49.158	17.637	26.377	11.613	45.598	43.121	24.273	34.315	9.590	14.854	59.661	14.937	12.060	23.131	19.174	95.451	24.652	66.810	52.730	28.090	20.169	46.595	28.474	15.437	25.120	49.007	137.083	68.181	62.490	2.301	30.106	25.363	14.092	9.335	25.004	24.869	32.726	33.753	28.981

map_256
	XhoI	XhoI	26.855	23.608	73.788	66.909	7.006	37.195	4.621	3.676	17.920	61.095	39.264	18.427	35.379	3.674	4.557	17.245	6.380	12.857	34.697	0.733	26.176	32.890	11.790	27.425	32.558	16.248	5.595	25.942

map_257
	XhoI	XhoI	0.686	12.962	15.442	8.500	6.137	49.995	14.600	20.253	12.287	12.804	50.680	33.678	57.032	103.781	15.277	68.045

map_258
	XhoI	XhoI	341.670	0.667	4.981	10.492	37.257	33.855	3.319	13.052	103.804	130.508	55.921	92.145	3.294	24.951	23.832	24.957

map_259
	XhoI	XhoI	41.946	72.964	30.893	37.961	6.864	50.093	45.191	36.871	35.095	81.365	3.458	13.126	42.480	8.026	1.576	60.792	1.984

map_260
	XhoI	XhoI	3.289	45.498	56.745	39.888	10.588	34.683	18.703	21.703	10.252	45.101	40.764	29.736	4.553	15.564	56.472

map_261
	XhoI	XhoI	11.934	22.508	21.935	90.860	24.805	69.840	42.200	28.818	27.194	23.839	25.057	43.523	25.553	35.218	25.840	44.533	65.530	112.490

map_264
	XhoI	XhoI	28.286	14.707	131.327	29.489	4.553	103.828	29.383	25.621	71.767	100.835	24.936	13.967	7.225	28.366	65.934	40.131	37.377	91.313	26.950	13.458	7.800	41.252

map_265
	XhoI	XhoI	19.878	3.065	45.392	23.381	46.252	46.846	4.565	31.106	19.503	17.675	10.824	80.710	6.471	32.782

map_266
	XhoI	XhoI	42.224	13.724	12.010	19.747	26.258	92.279	26.168	66.609	42.908	28.370	34.658	2.019

map_267
	XhoI	XhoI	100.197	68.838	60.365	39.777	26.370	5.983	7.731	24.820	23.176	35.599	41.791	37.387	14.364	6.804	25.717	12.247	26.384	25.307	61.592	50.556	56.977	27.652	39.907	8.654	34.866	19.490	59.318	32.744	69.382	60.401	2.691	37.631	4.200	4.561	19.122	62.485	51.230	29.438	12.653	38.197	4.627	17.363	5.489	14.057	33.298	13.395	26.448	33.007	10.025	27.396	31.856	17.922	6.927	22.233	27.785	14.056	18.466	74.561	25.285	11.950	67.194	22.311	28.984	33.548	1.513	2.471	1.869	11.971	15.431	11.035	6.231	47.245	7.016	20.203	27.064

map_268
	XhoI	XhoI	15.925	36.927	5.050	35.435	14.578	58.239	27.493	16.188	74.386	56.948	5.856	37.114	2.101	3.665	2.941	17.591	58.809	36.786	28.475	11.225	35.462	5.006	5.483	18.780	6.775	13.072	31.851	5.369	26.245	37.131	16.214	28.178	34.059	17.986	5.226	22.024	25.775	16.831	14.650	74.286	28.749	1.484	2.441	1.841	12.856	15.372	12.578	6.113	46.918	5.038	17.069

map_269
	XhoI	XhoI	18.318	12.489	113.484	206.149	14.409	78.651	0.834	4.918	45.339	26.120

map_271
	XhoI	XhoI	22.067	5.097	23.899	83.405	3.201	27.282	96.023	125.356	10.850	3.167	35.740	18.023	70.874

map_272
	XhoI	XhoI	100.984	15.615	27.717	17.775	8.088	1.573	59.494	3.166	44.911	25.016	60.791	54.383	12.517	27.593	24.966	30.804	11.959	44.221	40.141	40.399	4.624	14.891

map_273
	XhoI	XhoI	72.826	33.791	13.008	23.477	8.267	17.894	91.109	24.239	66.252	41.949	29.436	30.530	36.321	39.901	24.869	81.675	31.940	37.052

map_274
	XhoI	XhoI	66.586	95.409	27.760	17.193	7.723	1.627	28.335	23.941	27.762	53.651	8.868	6.489	25.125	1.223	5.262	36.552	26.920

map_275
	XhoI	XhoI	2.663	19.844	27.359	3.855	2.174	11.707	15.170	8.743	6.161	50.206	36.557	12.420	11.973	52.223	33.214	37.786

map_276
	XhoI	XhoI	35.388	48.864	2.213	13.070	110.583	192.378	33.290	14.801	82.387	4.946	10.272	37.019	172.008	104.347	31.526	20.041	84.865	55.277	68.217	102.398	25.275	11.754	3.461	7.105	30.804	63.854	40.084	16.846

map_277
	XhoI	XhoI	97.090	3.308	13.544	41.666	7.872	1.645	58.340	3.104	44.072	23.937	83.040	8.103	4.704	32.550	19.104	17.934	28.335

map_278
	XhoI	XhoI	24.806	68.872	42.715	35.960	23.875	19.738	67.445	30.361	21.053	24.578	50.742	54.464	104.357	55.606	43.332	2.331	28.636	28.087	10.628	2.164	5.491	24.228	26.958	28.014	27.699	32.810	15.544	6.739	26.689	14.575	28.076	11.072	33.203	60.821	63.604	56.397	26.264	38.937	19.902	38.152	23.290	61.136	35.528	14.314	74.524	63.016	7.436	37.075	3.735	4.430	17.619	63.749	44.190	19.772	9.724	33.338	3.977	15.686	8.595	13.168	32.602	26.514	36.772	18.291	28.252	32.579	21.455	5.152	22.107	29.017	6.950	17.488	69.255	27.907	16.284

map_280
	XhoI	XhoI	28.940	19.512	9.188	22.508	28.281	17.680	15.468	73.953	17.202	11.510	68.245	17.262	18.444	36.548	2.162	3.388	12.198	16.577	11.533	6.182	46.045	4.640	21.316	25.606	47.350	50.541	56.177	55.246

map_281
	XhoI	XhoI	40.488	14.585	120.869	214.094	14.391	78.690	5.583	10.089	69.580	3.221	119.171	120.489	30.466	5.218	9.655

map_282
	XhoI	XhoI	50.750	70.389	54.008	11.357	3.345	7.079	27.895	20.018	44.084	38.729	35.087	125.623	14.366	8.581	1.254	62.299	45.497	51.033

map_283
	XhoI	XhoI	14.990	37.662	7.576	4.401	49.711	17.366	10.576	87.319	28.579	4.513	14.855	63.278	0.948

map_285
	XhoI	XhoI	51.522	40.485	21.069	45.121	35.548	145.751	43.085	2.142	26.373	17.698	15.127	7.053	21.251	34.196	39.355	23.586	34.919	7.323

map_287
	XhoI	XhoI	15.870	37.523	39.152	17.291	58.695	29.369	25.159	83.155	54.988	2.756	37.794	2.044	3.846	3.119	17.881	58.278	36.369	20.117	33.981

map_288
	XhoI	XhoI	22.407	28.238	31.375	15.151	22.753	32.010	6.820	14.698	73.285	15.714	10.465	68.336	20.223	18.798	28.853	2.745	2.713	12.434	17.722

map_289
	XhoI	XhoI	73.350	54.228	107.378	2.135	13.312	321.029	99.410	9.002	65.758	3.675	105.453	14.945	15.945	111.159	28.756	4.831	24.069	82.599	3.270	29.074

map_290
	XhoI	XhoI	29.200	24.375	11.096	37.656	20.307	83.311	34.327	77.954	3.344	12.999	41.691	7.986	1.557	59.724	3.049	35.748

map_291
	XhoI	XhoI	24.867	49.115	49.875	18.921	11.770	31.816	26.652	18.458	49.307	15.126	26.899	6.775	18.702	80.155	10.875	19.373	91.143	34.572	60.688	39.750	27.894	21.604	17.262	21.183	42.261	28.441	23.028	23.081	51.124	57.410	140.662	106.680	14.525	26.761	30.437	12.037	1.810	5.455

map_292
	XhoI	XhoI	29.870	2.328	2.396	11.688	15.494	8.387	6.258	44.611	4.240	14.829	23.052	12.371	49.661	33.717

map_293
	XhoI	XhoI	17.486	118.421	107.380	129.832	31.781	24.808	81.412	5.055	10.353	34.231	33.016	16.311	94.465	6.208	16.307	135.326	4.753	111.955	2.801	50.824	67.331	124.663	11.136	3.361	6.990	27.636	128.307	13.530

map_294
	XhoI	XhoI	67.814	3.225	13.172	27.602	13.626	7.860	1.439	61.005	108.593	40.797	8.024	4.616	32.535	19.177	25.922	47.282	45.421	29.483	4.644	14.650	60.602	12.409	12.193

map_295
	XhoI	XhoI	19.340	8.273	17.302	87.069	23.947	71.382	40.656	51.122	36.696	42.195	25.817	15.492	21.099	83.849

map_296
	XhoI	XhoI	87.718	54.479	73.964	25.817	29.906	76.183	27.487	8.640	6.622	26.066	5.061	23.519	18.260	72.282	48.963	60.768	16.141	37.635	4.838	34.100	75.312	29.935	13.683	68.141	53.011	43.072	2.329	3.360	2.689	16.254	10.342

map_298
	XhoI	XhoI	30.044	36.606	17.289	59.655	31.767	13.827	68.926	70.643	2.719	37.281	2.057	3.780	3.022	17.365	58.795	36.614	20.864	38.597	6.758	5.049	19.331	3.074	15.384	28.583	0.812	25.658	41.408	12.776	27.454	39.169

map_299
	XhoI	XhoI	11.203	27.261	28.937	44.717	40.644	10.184	75.708	13.131	20.400	23.856	1.881	11.677	22.661	11.770	46.705	8.768	20.397	19.956	12.856	12.437	52.885	55.469	60.076	70.630	61.458	13.137	14.012	128.398	34.029	114.283	35.214	96.711	5.023	10.196	37.936	20.234

map_300
	XhoI	XhoI	95.579	14.390	132.711	28.120	5.163	107.117	3.224	24.912	25.355	72.972	100.426	24.882	11.308	3.150	56.361	87.469	36.139

map_301
	XhoI	XhoI	13.734	7.601	1.973	59.560	45.442	24.995	44.526	47.058	4.773	49.649	15.926	10.205	38.359

map_302
	XhoI	XhoI	37.772	54.620	40.802	67.799	13.123	12.624	19.180	8.059	17.921	94.055	25.473	64.487	41.230	28.630	19.792	25.761	25.254	41.621	43.811	17.412	33.568

map_305
	XhoI	XhoI	53.774	2.641	38.203	1.896	6.755	17.562	58.464	36.015	24.711	31.904	3.611	4.608	17.751	2.959	12.432	25.589	0.743	57.790

map_306
	XhoI	XhoI	10.971	9.779	27.348	28.309	12.876	2.621	22.456	31.206	81.423	10.227	10.858	64.490	29.733	30.332	1.534	2.408	14.111	15.397	8.276	6.199	20.035

map_307
	XhoI	XhoI	24.111	19.500	21.252	23.787	48.742	33.721	55.676	55.946	45.403	2.261	13.122	338.708	14.846	79.499	4.927	74.145	17.333	31.860

map_310
	XhoI	XhoI	77.967	34.808	27.039	13.830	5.897	56.289	13.596	44.668	29.776	52.995	46.058	8.703	10.436	34.370	26.688	24.906	56.980	47.011	30.325	13.222	11.403	43.493	29.393	19.718	14.033	16.528

map_311
	XhoI	XhoI	91.595	33.121	64.508	47.745	36.063	20.011	23.015	24.072	45.748	34.703	20.923	23.398	46.859	70.227	41.837	18.050	24.303	11.174	5.563	36.214	28.040	31.575	23.631	25.450	15.216	6.743

map_313
	XhoI	XhoI	7.817	19.219	4.824	32.909	3.683	4.493	18.839	2.912	12.787	27.927	24.146	34.665	9.513	28.101	42.494	2.601	17.505

map_314
	XhoI	XhoI	74.915	67.245	16.310	24.323	30.602	2.382	2.785	11.632	17.736	10.284	6.628	45.797	13.196	19.194	24.225	12.977	20.851	53.605	36.092

map_315
	XhoI	XhoI	4.039	55.595	57.366	49.427	2.212	127.031	200.875	14.415	76.304	5.894	10.445	73.949	12.287	85.562	29.884

map_317
	XhoI	XhoI	48.563	71.192	64.623	13.550	31.079	19.089	48.209	53.477	92.276	18.038	23.092	6.036	52.503	20.939	44.690	32.514	44.423	40.289	16.173	10.794	32.320	33.448	24.280	15.072	42.720	43.462	18.884	30.227	6.215	40.513	43.024	12.839	23.431	9.616	20.487	92.929	40.649	63.735	52.243	28.901	23.178	60.024	48.288	19.753

map_321
	XhoI	XhoI	5.621	0.680	73.662	59.453	13.423	2.645	21.729	23.453	7.134	15.035	72.675	9.375	10.667	69.518	11.659	4.290

map_322
	XhoI	XhoI	42.140	1.625	2.634	2.007	27.841	8.376	6.145	45.799	4.225	15.299	19.941	69.769	91.114	53.872	44.484	2.186	13.082	52.207

map_324
	XhoI	XhoI	2.044	75.675	5.580	47.132	32.332	105.240	14.227	15.047	110.322	31.065	28.995	82.328	27.890	24.310	30.936

map_325
	XhoI	XhoI	20.364	10.066	30.422	59.719	38.631	35.687	96.012	15.531	23.950	27.349	57.254	2.938	44.281	68.602	40.166	7.818	7.259	33.637	36.008	10.344	83.354	5.907	26.123	4.660	79.200

map_326
	XhoI	XhoI	14.646	12.708	17.810	8.503	19.071	93.609	24.861	69.558	42.557	28.557	27.019	21.934	24.830	50.130	25.330	20.836	28.125	110.351	57.649	76.385	2.354	31.242	26.733	12.748	1.789	5.487	24.793	23.203	27.735	27.084	34.946	7.908	6.783	26.201	32.542	39.524

map_328
	XhoI	XhoI	44.882	2.719	37.924	2.261	23.559	93.069	17.922	4.981	32.533	3.935	4.342	18.580	2.845	12.751	15.748

map_329
	XhoI	XhoI	15.547	22.753	35.758	12.262	29.931	33.413	25.486	23.134	29.212	8.481	17.671	70.880	28.102	12.023	64.902	19.038	19.471	33.100	1.516	2.512	1.873	11.946	17.430	10.992	8.354	46.761	9.539	19.002	26.656	18.378	15.221	57.884	42.710

map_330
	XhoI	XhoI	107.625	15.109	110.078	125.639	115.231	32.980	14.571	80.727	5.061	10.456	36.556	53.037	32.869	47.327

map_331
	XhoI	XhoI	147.954	29.241	82.246	3.183	49.041	62.310	75.322	30.356	24.579	14.928	7.354	10.055

map_332
	XhoI	XhoI	30.355	93.151	26.546	14.150	7.807	1.583	57.812	76.870	43.693	36.753	13.281	29.995	18.308	16.419	10.200	41.069	36.479	6.215	13.442

map_333
	XhoI	XhoI	66.509	19.281	20.526	15.947	20.192	92.949	24.999	68.774	41.717	27.892	23.018	16.089	58.813	25.306	18.039	24.911	74.710	105.102	56.477	13.936	6.358	24.309	25.234	29.745	27.553	35.462	11.144	6.792	25.134	5.779	31.965	11.078	33.444	55.388	50.754

map_335
	XhoI	XhoI	24.560	11.035	41.415	4.769	19.584	5.211	14.788	28.228	1.043	26.429	41.207	12.697	27.648	32.216	17.334	8.306	22.379	27.985	8.053	18.024	75.254	23.542	20.190	67.964	22.786	18.558	33.705	1.511	2.522	1.883	10.856	15.452	11.449	8.205	46.706	7.688	25.483	25.129	19.025	13.516	55.500	43.489	67.338	60.962	48.708	7.513	13.631	112.202	65.783

map_336
	XhoI	XhoI	16.489	29.739	139.211	5.186	24.681	86.895	3.132	48.661	64.875	120.092	10.917	3.393	7.478	50.353	45.968	15.132

map_337
	XhoI	XhoI	19.263	16.940	28.144	20.736	7.767	3.556	58.609	46.538	26.395	44.161	11.553	31.904	34.220	23.822	10.730	43.022	42.103	6.437	28.681	4.709	14.395	62.819	26.417	24.615	22.335	10.585	19.718	92.226	31.653	70.226	51.374	42.157	23.552	14.901	21.054	49.323	35.553	31.662	26.872	49.594	103.512	91.700	19.333

map_339
	XhoI	XhoI	35.678	16.266	6.615	22.617	24.218	11.794	16.703	74.905	32.243	12.241	65.694	26.101	28.865	37.190	1.495	2.470	1.862	11.919	16.269	9.619	6.326	46.495	16.477	19.968	24.284	12.831	51.297

map_340
	XhoI	XhoI	38.220	46.595	133.229	168.674	34.011	94.112	5.047	10.652	72.428	3.515	12.831	105.038	124.276	33.743	16.695

map_341
	XhoI	XhoI	101.152	29.930	24.140	6.986	15.148	28.043	19.149	44.660	105.485	3.326	15.262	40.985	7.791	3.689	58.784	23.915	44.941	25.256	41.733	40.069	18.249	33.348	19.111	17.504	10.489	42.563	45.222	41.022	4.599	69.380	28.263	12.488	26.008	8.061	17.987	96.219	34.218	64.758	43.187	28.630	17.827	15.031	58.900	53.615	24.200	44.319	46.130	111.447	72.964

map_342
	XhoI	XhoI	24.317	10.818	28.755	43.083	48.780	52.572	16.089	40.051	39.803	17.260	56.244	28.427	89.968	56.817	15.460

map_343
	XhoI	XhoI	36.727	4.307	3.800	17.408	61.132	43.858	33.187	8.177	37.344	3.662	21.259	3.031	12.777	31.775	0.750	26.011	39.089	16.293	27.888	31.664	17.331

map_344
	XhoI	XhoI	4.758	2.885	44.749	6.714	15.869	71.995	18.849	64.116	12.283	11.906

map_345
	XhoI	XhoI	4.075	45.936	19.393	19.793	12.463	150.280	59.354	49.162	2.158	12.580	182.823	95.992

map_346
	XhoI	XhoI	24.171	31.762	14.197	76.498	5.766	9.640	37.048	47.507	89.166	31.300	80.476

map_348
	XhoI	XhoI	23.184	72.767	31.184	25.175	11.159	3.271	7.017	27.891	28.608	44.512	53.477	92.276	15.452	27.171	22.277	9.674	60.416	21.521	67.503	84.790	7.611	4.760	32.131	18.104	17.305	10.672	41.836	37.870	33.048	4.545	14.726	27.930

map_349
	XhoI	XhoI	53.853	29.681	25.484	18.688	63.931	26.274	20.751	23.339	67.983	127.223	46.408	36.038	44.879	7.722	24.161	23.208	28.554	28.520	37.466	12.313	6.915	26.163	26.955

map_350
	XhoI	XhoI	55.967	10.039	41.683	3.994	4.767	17.719	62.506	36.146	35.219	38.723	3.750	5.539	18.852	5.141	13.051	33.274	9.865	26.764	33.077	12.788	27.658	31.246	21.332	7.661	22.570	28.430	13.393	17.773	76.126	16.552	69.197	18.973	37.264	1.484	2.443	1.844

map_351
	XhoI	XhoI	44.843	101.140	15.826	115.995	60.823	115.922	32.364	90.601	4.940	10.187	68.476	141.478	109.084	28.173	29.548	83.515	3.089	25.215	22.890	16.800

map_352
	XhoI	XhoI	94.626	36.538	81.505	13.424	26.992	14.465	8.023	1.649	62.610	3.115	43.947	102.516	8.082	4.721	5.059

map_353
	XhoI	XhoI	62.614	13.393	11.883	19.752	7.753	16.891	86.243	24.031	108.054	46.212

map_354
	XhoI	XhoI	39.828	76.964	88.572	57.670	40.896	18.629	38.219	14.142	6.994	24.317	23.605	29.060	23.349	32.401	13.705	6.655	25.738	25.484	11.270	40.311	53.535	61.242	109.571	34.434	17.769	64.125	28.726	23.575	86.919

map_355
	XhoI	XhoI	12.270	15.630	14.929	26.368	37.445	16.039	27.765	32.218	16.103	2.854	22.151	27.836	12.124	19.856	74.687	30.219	17.021	66.868	11.967	29.278	30.844	5.840	5.315	11.639	15.520	11.058	7.992	46.030	9.688	22.132	23.232	15.795

map_358
	XhoI	XhoI	13.977	22.744	11.386	56.629	47.717	37.020	34.985	73.935	3.088	13.422	13.227

map_359
	XhoI	XhoI	34.478	7.740	54.418	3.187	45.073	26.113	43.881	48.141	21.474	7.055	45.761	10.571	43.294	42.666	36.414	8.083	14.297	65.098	29.996	12.456	20.950	21.994	91.957	24.695

map_360
	XhoI	XhoI	65.817	43.053	28.344	24.823	14.972	58.080	25.561	15.045	31.506	114.801	56.192	43.180	28.133	22.104	11.610	6.057	26.524	50.024	33.961	33.978	8.576	6.738	26.777	5.964	63.055	60.562	41.237	25.951	35.805	24.987	59.192	37.036	20.414	79.222	55.781	2.966	35.749	5.427	3.065	16.878	62.182	43.012	12.109	45.376	3.798

map_361
	XhoI	XhoI	2.073	5.193	17.053	59.189	36.767	30.480	7.108	33.484	8.144	5.845	18.797	5.228	15.482	31.821	7.807	26.304	37.559	14.001	27.487	35.613	25.571	20.853	24.250	67.027	10.830	70.131	16.936	20.098	32.093	1.598	2.562	1.844	11.569	16.439	10.985	6.838	46.916	8.946	12.781	14.287	52.684	33.566

map_363
	XhoI	XhoI	112.283	46.256	77.131	4.890	46.864	33.699	3.347	101.788	164.123	4.499	24.309	88.399	26.090	25.385	67.397	29.288

map_364
	XhoI	XhoI	38.749	45.461	38.014	36.082	91.730	27.083	14.039	9.197	55.798	3.285	42.991	25.335	46.259	37.683	7.822	4.527	53.778	14.379

map_365
	XhoI	XhoI	50.859	48.512	29.262	27.110	16.900	56.075	25.015	28.007	82.356	94.205	56.666	42.041	28.763	32.405	17.974	6.117	23.097	23.022	28.288	23.688	36.721	15.968	13.564	10.984	24.965	82.477	50.736	16.048	36.267	4.883	42.660	22.928	57.288	28.885	12.446	70.784	55.752	2.759	36.834

map_366
	XhoI	XhoI	67.737	64.056	2.752	37.711	3.531	4.846	18.207	58.548	36.169	30.511	8.806	33.304	6.402	4.890	18.906	4.622	13.015	28.863	0.776	26.236	42.834	9.614	27.802	35.938	16.292	2.704

map_367
	XhoI	XhoI	27.840	79.157	16.108	69.355	23.403	29.116	28.778	1.686	3.591	11.441	16.963	12.739	7.711	47.365	4.161	14.661	20.044	15.580	65.173	33.829	56.241	56.136	48.339	2.133	13.379	118.926	65.695	118.069	31.942

map_368
	XhoI	XhoI	56.406	5.340	48.464	34.369	3.513	12.158	105.317	15.615	114.581	12.178

map_369
	XhoI	XhoI	9.452	28.605	19.341	44.837	145.840	17.752	25.755	15.019	7.994	1.690	57.030	2.908	45.786	19.788

map_370
	XhoI	XhoI	48.684	40.807	8.285	4.777	32.025	18.831	17.531	52.751	37.960	34.602	4.649	6.351

map_371
	XhoI	XhoI	63.108	27.334	26.856	25.304	10.385	18.951	95.584	24.940	66.577	43.435	28.283	20.008	22.034	28.716	51.417	33.044	24.752	102.319	70.257	45.002	6.552	27.369	30.331	16.840	5.976	23.413	24.101	28.299	23.794	26.910	14.368	6.676	26.168	7.195	4.050	30.374	15.163	26.384	42.676	50.777	39.876

map_374
	XhoI	XhoI	3.647	4.499	19.398	17.193	34.546	12.136	26.570	32.598	9.507	27.817	31.136	14.283	22.503	35.151	21.698	73.455	19.752	70.776	11.523	20.019	30.928	1.685	3.203	11.993	16.784	8.560	48.252	4.175	19.942	20.315	21.676	17.763	56.894	51.194	62.910	60.870	47.343	9.342	26.177	124.225

map_375
	XhoI	XhoI	65.788	115.070	47.571	80.199	0.783	16.253	38.794	47.431	89.851	14.851	16.319	136.477	4.861	24.192	80.453	51.934	67.516	102.472	34.838	9.699	29.625	20.044	54.626

map_376
	XhoI	XhoI	15.054	1.498	55.340	2.951	72.540	83.997	7.901	4.587	32.005	18.918	17.407	10.949	13.265

map_377
	XhoI	XhoI	40.570	29.870	9.105	15.636	63.108	28.844	24.853	20.823	8.161	19.709	95.209	24.692	67.079	42.991	28.146	20.329	22.124	25.716	51.648	33.520	19.344	24.794	72.973	108.913	57.124	50.662	23.817	53.766	5.615

map_378
	XhoI	XhoI	42.069	4.896	36.007	17.530	60.638	29.692	52.549	79.315	2.755	37.467	5.825	3.134	17.747	60.268	42.372	24.046	11.577	38.652	7.547	5.528	19.243	7.129	13.402	27.992	27.507	39.930	13.370	30.672

map_379
	XhoI	XhoI	2.801	10.004	72.455	17.264	29.778	4.058	13.231	16.301	8.873	6.179	46.216	4.071	14.832	19.750	12.865	13.432	30.935

map_382
	XhoI	XhoI	9.791	31.984	3.408	113.150	15.890	149.481	29.208	77.903	50.454	69.388	72.878	30.563	23.917	10.740	10.622	26.623	86.374

map_383
	XhoI	XhoI	20.087	36.115	76.580	3.322	14.504	40.163	6.352	63.567	47.129	26.180	53.802	45.215	4.780	31.621	18.431	46.139	16.676	43.852	74.238	4.593	79.517

map_384
	XhoI	XhoI	13.131	23.204	18.948	94.951	24.798	69.701	42.559	28.560	30.146	27.301	24.076	39.787	39.174	19.458	25.663	69.779	108.932	56.297	47.877	32.400	8.135	5.649	23.535	23.436	30.070	28.592	24.428	8.603	6.724	25.054	12.633	30.427	11.120	33.607	67.530	68.110	52.331

map_386
	XhoI	XhoI	76.255	19.281	4.925	31.911	3.561	4.554	17.044	2.879	12.144	27.446	0.966	26.867	45.575	15.154

map_387
	XhoI	XhoI	67.636	63.129	30.349	28.491	1.478	2.483	1.991	11.907	15.735	11.578	48.365	4.282	16.669	19.711	17.869	15.274	131.934	81.112	2.063	13.672	106.931	88.300	14.453	82.784	5.129	10.468	51.738	3.551	12.630	92.859	29.855	111.686	28.849	14.702

map_388
	XhoI	XhoI	31.801	74.671	28.479	23.994	22.095	27.365	18.863	45.094	48.474	106.309	14.654	32.427	27.167	7.727	1.584	68.455	27.043	44.631	35.856	6.533	31.111	28.823	31.824	10.519	57.047	36.887	17.363	27.827	4.627	14.426	76.249	22.989	29.961	84.671	26.282	65.621	42.474	31.652

map_389
	XhoI	XhoI	9.806	67.402	55.545	2.756	37.426	2.198	3.873	3.097	15.396	56.419	35.634	52.705	20.920	19.006	4.116	18.471	3.010	13.287	28.863

map_390
	XhoI	XhoI	26.288	34.886	15.127	27.811	32.881	16.434	7.157	22.352	29.656	14.987	16.324	72.889	9.530	10.204	67.705	29.870	18.402	28.762	2.447	3.289	12.565	15.412	11.797	8.462	46.017	22.604

map_393
	XhoI	XhoI	49.107	15.910	114.286	35.773	24.310	86.318	3.234	25.640	23.706	67.153	70.282	67.082	58.619	44.887	72.573	72.937	3.125	13.320	27.508	15.093	9.546	56.431	44.665	25.238	39.163

map_394
	XhoI	XhoI	24.030	8.153	18.101	95.577	23.605	64.550	41.578	27.992	26.655	27.394	26.873	45.897	37.706	35.175	26.639	87.427	96.228	76.005	49.714	35.104	19.775	13.205	6.810	24.934	23.568	29.483	27.210	25.047	8.590	6.631	25.415	10.309	23.759	11.071	26.296	42.044	50.432	60.956	30.194	40.013	11.229	42.088	17.686	57.367	41.533

map_396
	XhoI	XhoI	16.032	38.495	36.401	26.794	59.589	31.821	13.742	65.919	72.488	2.756	37.575	2.086	3.793	2.998	17.598	60.862	41.934	18.926	9.406	33.447	7.107	5.356	18.789	3.025	15.445	33.067	25.590	39.532	18.417	30.843	26.172	27.839	2.737	21.656

map_397
	XhoI	XhoI	31.079	14.675	72.070	9.415	10.390	62.878	12.214	37.484	1.479	2.473	1.791	11.657	15.268	14.572

map_398
	XhoI	XhoI	3.177	45.020	19.977	19.702	13.035	13.096	50.440	88.407	56.924	47.692	133.631	66.373	120.585	32.025	98.806	0.717	56.053	32.479	17.045	89.098	14.365	16.807	152.488	106.815	28.506	24.642	8.798

map_399
	XhoI	XhoI	132.881	28.537	23.908	11.741	3.200	6.932	47.887	40.311	39.770	111.363	3.270	13.043	40.406	8.049	61.970	38.481

map_400
	XhoI	XhoI	9.466	24.791	46.512	46.651	4.965	32.783	17.884	17.072	53.833	26.708

map_401
	XhoI	XhoI	11.057	6.467	35.187	75.831	13.280	12.323	19.002	8.343	17.016	91.473	43.564

map_402
	XhoI	XhoI	14.956	43.461	48.197	14.455	21.506	41.200	24.022	16.272	103.523	92.149	52.962	45.338

map_403
	XhoI	XhoI	11.277	49.341	66.998	39.132	4.989	35.701	17.762	58.733	29.016	13.920	124.544	2.632	35.536	23.032	29.591

map_404
	XhoI	XhoI	27.190	36.939	17.514	4.837	32.040	3.821	21.620	3.174	13.049	28.143	0.894	25.198	32.928	9.567	28.484	29.396	13.720	2.969	21.734	25.105	7.152

map_405
	XhoI	XhoI	59.773	21.839	67.357	12.047	18.715	31.166	2.153	2.601	11.410	15.486	8.666	6.204	45.663	4.278	15.806	30.650	12.545	49.649	34.264	61.148	63.058	48.550

map_406
	XhoI	XhoI	82.978	48.516	80.806	15.329	34.652	33.301	105.540	15.316	14.743	107.262	59.561	83.824	3.477	56.507	72.318	69.603	30.971	24.535	21.704

map_407
	XhoI	XhoI	29.582	27.800	19.706	7.767	1.642	52.315	3.622	45.344	35.094	44.418	52.961	10.789	26.617	26.480	17.386	10.547	49.630	37.302	12.652	22.298	10.485	65.380	12.822	13.413	21.794	11.432	18.144	93.540	24.850	61.591	56.279	28.980	30.379	36.469	40.107	25.755	33.397	24.488

map_408
	XhoI	XhoI	38.516	35.660	87.102	96.405	29.867	25.813	1.667	5.469	23.008	24.662	28.355	23.868	26.812	15.233	17.231

map_409
	XhoI	XhoI	30.193	0.811	25.959	38.535	12.977	27.542	33.502	16.679	2.954	22.595	31.905	13.840	14.645	74.256	17.539	20.098	66.378	27.844	20.707	30.438	1.459	2.465	1.902	11.875	16.901	10.490	19.778	19.480	25.548	19.753	21.576	17.022	39.089	47.508	73.149	55.654	65.021	10.802	13.861	110.144	82.670

map_411
	XhoI	XhoI	27.909	24.199	68.365	92.645	23.743	11.007	3.417	6.897	88.570	36.996	37.084	6.140

map_412
	XhoI	XhoI	19.365	24.472	86.024	7.944	5.050	30.184	18.275	27.592	42.640	31.186

map_413
	XhoI	XhoI	29.971	4.674	14.549	59.679	13.047	24.655	8.000	19.977	99.322	37.626	67.028	42.616	28.795	25.661	20.178	52.196	40.119	40.284	77.604	82.218	76.229	48.822	24.980	18.940	5.929	24.645	23.003	28.074	31.437	35.688	13.598	7.022	26.057	1.536	5.182	24.835	14.448	32.239	42.459	51.716	59.944	29.185	37.266	4.882	33.957	17.053	63.816	34.479	22.038	76.166	61.638	12.390	37.874	18.541	64.200	52.891	26.346	8.453	35.531	3.790	21.121	3.245	15.693

map_415
	XhoI	XhoI	20.448	2.993	13.694	28.001	27.958	29.449	12.052	23.796	24.785	23.187	31.623	18.663	16.489	74.318	16.850	19.610	66.977	23.684	26.139	30.078	2.113	3.375	11.675	18.212	11.587	6.898	46.161	4.266	21.451	31.258	14.977	50.148	34.334	62.191	63.613	56.806	47.668	117.740	102.724	115.922	32.364	92.464	4.737	10.184	38.170

map_416
	XhoI	XhoI	10.343	34.829	13.343	89.442	14.599	15.927	114.985	34.036	23.709	82.938	3.203	27.502	24.115	61.224	70.371	68.130	34.277	20.016	197.794

map_417
	XhoI	XhoI	24.688	86.585	8.353	27.277	22.237	23.006	10.572	45.401	37.915	13.851	29.023	4.609	14.277	44.013	28.831	8.126	18.025	98.801	52.860	27.571

map_418
	XhoI	XhoI	54.219	41.392	24.691	52.152	41.583	36.641	82.433	89.764	92.825	41.592	29.080	26.990	1.748	5.473	23.427	23.546	28.294	35.299	21.576

map_419
	XhoI	XhoI	70.839	71.123	7.005	37.852	2.901	5.285	18.232	63.208	44.434	27.808	7.153	33.281	8.669	5.772	19.088	6.061	14.436	30.762	42.547	26.780	27.729	28.804	9.711	22.403	27.417	18.232	73.288	47.295	13.946

map_420
	XhoI	XhoI	66.569	37.650	18.419	34.560	1.419	2.425	1.881	11.787	15.585	14.840	46.835	17.586	20.600	12.903	12.775	54.525	34.301	56.740	58.525	47.173	1.911	12.868	167.870	2.010

map_421
	XhoI	XhoI	117.605	47.554	83.103	4.808	10.214	67.741	3.516	93.788	14.454	166.178	112.341	54.220	63.144	98.755	22.894	14.271	7.317	29.568	19.483	45.930	37.263	17.810

map_422
	XhoI	XhoI	17.718	76.889	3.557	39.989	13.402	8.256	4.262	58.372	32.323	45.803	68.346	40.650	24.933	33.403	18.250	17.682	10.261	42.986	38.671	6.290	31.330	4.586	14.615	70.686

map_423
	XhoI	XhoI	44.632	68.723	101.739	71.952	40.405	10.843	28.418	29.648	11.689	6.029	24.233	23.349	28.214	38.503	39.111	6.986	6.742	30.372	105.283	52.078	52.695	28.204	35.224	4.932	33.906	23.037

map_425
	XhoI	XhoI	13.548	176.405	3.087	38.083	2.014	3.964	2.805	16.230	58.544	36.948	19.985	4.787	4.215

map_426
	XhoI	XhoI	34.134	7.756	21.093	2.963	13.008	32.248	1.160	26.018	39.484	16.993	28.000	33.277	18.551	5.718	22.123	31.401	14.370	15.452	76.002	20.495	11.049	68.134	19.390	28.083	27.839	1.878	3.727	11.726	15.263	12.208

map_427
	XhoI	XhoI	51.988	4.267	15.352	19.883	24.687	78.020	55.857	55.532	52.499	2.072	13.475	144.888

map_428
	XhoI	XhoI	32.580	153.050	76.693	4.639	84.508	99.563	14.190	124.252	28.806	4.674	24.386	82.261	30.103	25.147	135.635	15.404

map_429
	XhoI	XhoI	25.249	11.210	8.884	8.316	28.283	56.533	59.389	36.582	79.942	17.666	19.822	11.510	61.024	3.136	45.191	40.420	39.792	41.770	12.963	11.664	31.808	29.128	18.825	13.962	46.583	37.516	18.868	29.167	8.047	14.521	81.152	13.178	63.541	57.489	65.946	43.138	42.954	19.892	18.302	30.197	35.085	42.638

map_431
	XhoI	XhoI	50.336	31.720	37.488	4.854	33.905	17.454	61.553	28.287	18.090	70.239	64.264	2.753	44.088	3.586	17.674	63.760	44.659	14.289	33.668	3.678	22.284	3.131	12.569	31.978	0.814	25.703	39.923	19.886	27.467	28.240	29.053	22.356	16.846	26.039

map_432
	XhoI	XhoI	70.918	41.491	51.029	28.827	18.555	30.233	1.591	2.570	1.893	11.584	15.426	11.872	7.609	45.574	36.507	17.614	18.787	17.507	52.634	39.247	63.397	55.952	48.795	19.809	32.816	108.861

map_433
	XhoI	XhoI	15.276	67.539	109.815	48.184	73.481	4.708	10.491	38.117	50.267	83.898	14.216	40.712

map_434
	XhoI	XhoI	83.637	34.204	25.381	87.656	51.331	68.986	101.809	26.404	11.180	3.284	6.811	28.990	134.159	53.232

map_435
	XhoI	XhoI	43.997	64.199	8.162	14.226	32.122	33.272	20.595	15.816	41.921	44.293	36.298	4.625	14.587	72.442	31.694	25.028	13.739	30.590	80.386	25.415	63.548	43.304	28.742	20.032	24.959

map_436
	XhoI	XhoI	21.595	60.181	28.288	14.016	77.431	65.032	2.718	38.092	12.830	3.570	18.424	59.305	35.757	26.881	37.307	5.004	19.499	3.016	12.996	15.775	25.933	40.498	13.203	27.397	40.484	2.816	19.855	23.109	6.822	18.983	55.909	18.308	61.658

map_437
	XhoI	XhoI	30.345	11.897	19.901	29.660	1.522	2.662	2.090	11.812	16.124	8.769	49.770	18.425	18.855	12.800	13.315	84.128	56.969	99.707	15.101	110.901	67.093	146.019	14.595	74.834	5.701	78.832	3.747	12.512	50.376

map_439
	XhoI	XhoI	15.134	39.191	36.691	76.553	3.086	50.347	9.850	64.745	44.431	25.480	47.144	40.036	7.762

map_440
	XhoI	XhoI	30.979	28.303	23.986	10.762	43.925	52.900	6.453	29.019	4.611	14.610	62.832	13.083	25.307	8.183	17.876	93.914	24.817	65.631	42.760	28.449	27.454	38.223	45.118	15.455	20.652	44.049	124.350

map_442
	XhoI	XhoI	26.393	50.306	47.495	16.553	39.629	55.890	47.919	13.816	56.271	69.668	2.751	37.152	19.353	60.393	41.956	22.594	4.881	33.781	3.638	5.684	18.347	14.788	34.906	7.390	26.097	32.888	9.816	27.462	33.758	22.340	23.154	24.137	19.328	73.156	53.243	66.067	18.851	19.228	31.294	1.622	2.559	1.873	11.845	15.473	10.721	7.220	47.463	29.874	28.261	16.348	63.935	34.372	56.581	57.486

map_444
	XhoI	XhoI	33.048	0.567	5.143	10.845	70.762	12.758	86.736	14.973	121.647	27.389	29.797	90.939	2.960	24.751	50.437

map_445
	XhoI	XhoI	19.010	11.120	3.282	6.790	48.422	44.871	72.446	78.872	3.347	13.221	32.667

map_446
	XhoI	XhoI	18.236	59.161	45.805	24.475	45.266	39.178	8.482	4.547	31.393	18.110	17.028	10.625	43.615	39.313	38.947	14.429	60.080	10.667

map_447
	XhoI	XhoI	1.729	12.773	18.770	8.144	18.032	92.329	24.765	67.197	44.380	26.599	23.331

map_450
	XhoI	XhoI	19.425	25.749	11.547	56.984	24.908	16.673	75.804	62.934	8.211	37.813	4.025	17.016	65.582	46.734	19.787	4.854	33.330	7.186	21.461	3.031	12.928	27.131	17.616	25.999	41.221	9.613	27.237	31.670	26.349	9.355	22.694	28.709	10.412	22.098	75.739	9.655	21.321

map_451
	XhoI	XhoI	64.641	35.182	18.297	28.046	1.572	2.585	1.923	11.678	15.557	11.870	7.633	44.937	25.823	26.869	24.682	49.515	33.842	64.220	54.827

map_453
	XhoI	XhoI	133.012	14.209	77.138	5.241	10.509	68.884	15.745	84.506	14.695	118.537	21.909

map_454
	XhoI	XhoI	32.415	3.176	25.503	88.720	81.806	39.462	10.824	3.371	6.938	28.079	18.998	42.405	39.238	37.959	76.936	14.958	40.295	7.698	62.904	46.844	108.889	8.264	4.809	31.220	38.021	10.643	6.601

map_455
	XhoI	XhoI	4.796	74.425	32.602	8.546	17.743	94.118	25.532	61.231	43.283	44.934	3.470

map_457
	XhoI	XhoI	33.241	92.239	48.101	16.010	37.523	23.863	36.172	16.744	48.128	68.871	63.859	2.775	37.797	4.279	17.243	65.326	44.667	20.324	34.032	3.747	5.371	16.999	2.997	12.971	27.614	25.988	38.167	19.837	26.917	28.068	13.628	2.829	22.461	26.310	12.063	12.445

map_458
	XhoI	XhoI	22.756	29.712	2.065	3.096	11.329	15.986	13.995	8.616	43.263	4.254	15.325	24.357	12.922	12.688	81.678	56.391	55.715	25.233

map_460
	XhoI	XhoI	23.530	14.860	86.876	5.347	10.193	35.167	149.229	127.874	27.219	4.872	24.136	85.839	3.156	25.747	24.224	68.691	99.631	36.608	3.322	35.335	18.309	26.498

map_461
	XhoI	XhoI	18.467	37.562	33.529	76.828	3.411	12.970	26.224	13.554	7.791	58.378	3.025	42.719	24.249	89.355	46.446	27.272	53.538	37.505	6.534	27.606	4.673	14.007	73.555	12.788	19.426	8.028	69.206	25.982

map_463
	XhoI	XhoI	68.312	94.066	56.206	41.545	2.113	45.351	9.474	5.574	23.757	9.756

map_464
	XhoI	XhoI	27.505	13.833	79.801	50.611	11.072	37.577	5.919	64.556	43.151	39.387	8.464	35.367	6.837	6.192	19.878	3.057	13.183	31.374	12.451	26.267	40.839	15.080	27.753	32.898	13.612	2.855	22.415	33.522	14.224	15.512	79.263	9.426	10.338	63.381	21.609	20.132	31.577	1.462	2.456	1.819	11.871

map_465
	XhoI	XhoI	18.155	12.167	52.131	34.405	111.805	46.386	130.859	180.348	128.708	5.006	10.373	37.469	34.926	13.173	85.751	142.947	26.233	27.472	70.668

map_466
	XhoI	XhoI	78.682	69.717	31.350	23.950	11.142	3.335	6.692	27.246	19.452	121.971	86.015	27.158	14.053	7.872	1.853	45.138

map_467
	XhoI	XhoI	14.094	3.218	44.648	24.167	43.707	39.854	8.132	4.559	51.018	16.912	10.507	41.410	78.171	19.782	61.425	12.418	19.198	19.160	8.103	17.130	58.529

map_468
	XhoI	XhoI	76.991	74.051	59.785	37.707	10.251	38.144	16.492	1.887	5.353	24.487	23.489	28.388	33.693	35.763	8.552	6.590	25.182	20.397	24.574	11.165	30.522	53.820

map_471
	XhoI	XhoI	70.776	74.464	2.697	45.856	3.421	17.211	61.680	43.673	23.939	4.834	32.934	3.679	6.216	18.079	3.046	12.410	34.410	5.001	25.480	41.074	14.042	27.304	28.787	25.926	5.369	16.908	24.715	81.445

map_472
	XhoI	XhoI	43.966	10.433	67.367	12.059	18.444	28.485	1.821	2.701	1.825	11.364	30.100	45.788	4.472	14.975	21.181	12.170

map_473
	XhoI	XhoI	60.488	94.342	60.012	48.117	14.713	115.994	68.466	156.901	14.715	85.532	5.605	10.292	69.661	3.458	12.855	84.859	29.991	146.792	4.661	33.499

map_474
	XhoI	XhoI	80.708	26.505	25.126	142.642	29.780	24.891	11.235	10.267	28.398	65.975	30.443

map_475
	XhoI	XhoI	6.753	36.193	75.628	3.482	41.938	13.139	7.804	1.685	58.967	3.417	111.913	40.618	8.047	4.516	33.371	35.682	51.525	2.516

map_476
	XhoI	XhoI	34.740	35.045	4.475	14.039	63.287	13.600	12.513	18.816	26.417	94.182	25.557	105.894	26.920	55.973	42.063	39.239	21.956	46.578	35.326	58.396

map_478
	XhoI	XhoI	65.900	2.706	38.379	6.353	17.638	61.252	43.735	36.479	7.476	36.222	6.808	17.647	5.317	12.926	33.707	26.549	32.476	9.619	27.490	31.365	13.444	2.798	22.635	29.253	14.944	76.553	18.628	12.008	66.797	21.506	21.484	27.419	2.436	3.168	11.866	15.311	12.567	6.119	44.455	4.225	24.419	31.626	13.944	37.608	37.380	37.613

map_480
	XhoI	XhoI	75.341	22.864	91.909	25.998	24.285	68.793	68.299	58.302	11.242	3.427	6.859	26.937	60.109	38.283	35.994	94.558	27.444	9.189

map_481
	XhoI	XhoI	4.359	7.836	1.714	54.920	21.291	46.207	25.244	86.855	8.272	3.893	31.930	27.039	30.227	51.772	6.451	28.982	9.066	15.637	60.631	13.124	26.244	8.047	17.964	96.598	45.900	62.330	55.480	29.141	24.014	57.240	29.871	23.955	58.176	133.930

map_483
	XhoI	XhoI	20.900	14.029	73.674	50.515	2.879	37.673	2.300	6.550	80.079	56.796	5.031	31.799	3.583	21.052	2.969	12.187	28.159

map_484
	XhoI	XhoI	8.201	27.430	34.457	9.263	55.561	12.688	2.575	22.105	22.693	7.257	14.230	36.343

map_485
	XhoI	XhoI	76.737	72.776	11.825	18.194	29.280	1.571	3.432	11.651	22.772	14.095	6.054	45.941	12.473	40.964	12.235	47.690	34.696	56.575	56.843	68.990	2.208	12.512	100.649

map_487
	XhoI	XhoI	16.548	5.021	10.265	37.570	36.551	135.131	115.019	28.575	4.854	23.495	87.314	3.397	25.095	92.056	95.495	25.035	10.938	3.403	6.950	28.473	101.126	34.919	82.101	13.537	27.690	14.169	7.796	1.462	58.018	46.100	36.684	65.407	23.269	6.950	31.334	25.932	10.599	41.291	37.575	6.430	29.202	4.663	14.351	60.613	24.269	8.202	18.073	92.435	24.838	63.268	43.182

map_488
	XhoI	XhoI	127.049	95.953	29.858	19.025	7.737	1.910	5.407	23.481	49.696	23.566	27.762	8.617	6.751	24.299	1.434	5.359	8.726

map_490
	XhoI	XhoI	15.985	19.508	27.377	16.096	18.226	73.365	9.451	10.381	69.598	26.239	20.527	28.951	2.680	2.025	11.913	15.035	9.095	46.978	18.467	53.067	48.160	34.192	56.135	56.106	48.224	25.664	7.630	133.196

map_492
	XhoI	XhoI	26.892	3.446	12.600	86.830	14.469	129.907	30.619	101.458	3.332	53.800	32.067

map_493
	XhoI	XhoI	36.861	66.843	31.924	23.641	21.519	29.640	19.016	46.294	160.147	19.686	22.113	27.643	7.604	1.627	57.264	46.530	26.853	40.790	55.740	18.013	43.829	27.503	10.714	43.036	44.380	38.531	4.586	14.263	73.463	38.384	17.069	18.866	92.526	24.727	64.501

map_494
	XhoI	XhoI	23.307	44.134	79.926	40.543	12.444	28.189	32.266	7.604	1.886	5.845	23.244	23.219	33.306	9.175	38.142	25.201	11.282	26.643	93.892	51.404	16.813	39.251

map_496
	XhoI	XhoI	3.015	17.787	63.057	36.077	18.684	11.456	33.502	9.975	5.864	18.980	3.030	12.755	34.937	6.617	25.751	38.005	19.764	27.498	28.232	33.339	9.349	22.197	20.517	6.782	14.841	79.815	33.859	14.244	66.098	12.170	24.675	33.407

map_497
	XhoI	XhoI	8.511	1.349	2.580	2.003	11.531	14.799	14.665	62.707	21.007	13.725	65.459	32.521	114.348	49.082	2.230	12.645	109.218	58.100

map_498
	XhoI	XhoI	8.761	142.185	15.404	86.936	4.975	83.883	3.640	13.680	100.129	15.496	105.525	34.563	22.724	92.218	3.131	26.474	24.841	192.867	11.334	3.457	36.690	9.904

map_500
	XhoI	XhoI	85.656	19.503	44.216	12.465	14.334	61.326	12.720	26.245	10.988	20.006	95.454	24.905	64.777	43.023	31.580	55.503	27.313	128.114	74.594	40.789	2.217	7.709	5.447	25.287	22.994	27.287	38.601	26.557	8.429	29.855

map_502
	XhoI	XhoI	60.106	35.342	41.512	36.609	3.994	20.648	3.044	12.918	31.845	26.888	40.401	9.729	27.964	28.556	13.684	2.852	22.215	28.015	10.000	17.080	77.383	19.573	13.221	73.700	26.482	28.617	2.509	2.814	11.878	15.552	11.893	8.760	45.377	13.705	15.040	24.225	12.989	12.628	49.884	64.783	55.392	48.288	38.403	106.087

map_504
	XhoI	XhoI	12.848	31.594	24.223	85.415	3.236	51.738	71.182	73.946	30.054	23.056	20.463	49.568	47.414	37.915	62.588

map_505
	XhoI	XhoI	45.915	3.421	39.697	21.492	1.480	56.364	47.217	25.064	86.855	9.783	53.955	23.123	10.499	41.848	51.645	6.503	29.528	4.592	14.230	68.954

map_506
	XhoI	XhoI	8.606	68.842	42.580	27.704	19.618	15.210	60.084	24.720	15.796	133.937

map_508
	XhoI	XhoI	4.729	45.256	52.076	49.165	16.483	41.939	54.530	88.232	14.102	124.956	2.787	36.953	2.152	6.558	75.477	24.533

map_509
	XhoI	XhoI	20.055	35.077	6.794	19.270	3.006	13.054	36.296	26.492	36.401	14.091	27.792	31.961	13.549	2.870	22.566	23.665	7.005	14.944	72.993	9.473	13.201	62.827	23.796	20.303	31.284	2.064	3.178	11.890	15.263	7.340	6.171	48.068	4.211	15.097	15.929	21.780	21.577	52.328	30.653	64.316	56.548	50.352	117.912	75.136

map_510
	XhoI	XhoI	55.598	77.238	5.348	10.277	38.810	33.166	16.908	84.346	14.746	16.064	139.158	4.975	109.503	3.131	22.590

map_512
	XhoI	XhoI	41.536	23.124	12.450	7.836	1.662	55.739	3.862	46.203	31.839	36.390	52.105	8.297	18.150	34.400	15.614	10.538	44.961	57.868	24.747	33.813	9.246	14.431	66.354	12.976	30.658	18.996	8.114	19.698	91.408	35.494	73.733	46.310	20.573	19.848	20.876	37.217	60.656

map_514
	XhoI	XhoI	4.167	31.472	5.467	17.754	7.656	20.956	14.319	25.702	39.216	15.760	24.354	33.327	13.637	5.660	22.481	29.404	11.791	17.437	79.564	32.640	54.696	19.908	28.391	8.572	6.771	12.145	17.913	15.112	46.593	4.255	15.139	26.392	13.114	59.231	34.593	56.216	58.903	50.668	2.044	12.892	105.651	63.320	30.549

map_516
	XhoI	XhoI	22.115	95.961	69.424	29.211	25.236	10.998	9.789	28.164	19.420	44.999	152.420	3.314	13.104	40.980	8.026	1.808	56.020	6.136

map_517
	XhoI	XhoI	25.453	44.555	37.750	11.850	30.451	37.119	10.737	59.728	6.316	29.010	4.756	14.404	32.423	24.294	7.952	18.003	96.042	24.658	65.292	42.816	28.181	20.361	15.184	55.401	36.947	29.177	54.710	39.213	2.388	31.675	17.168	12.893	17.889	23.191	26.978

map_518
	XhoI	XhoI	23.836	25.080	73.954	9.502	12.590	64.504	11.821	18.245	27.788	2.788	3.216	11.845	15.309	8.795	8.142	47.670	42.541	21.458

map_519
	XhoI	XhoI	41.314	32.772	53.787	53.771	46.100	128.576	67.470	116.628	124.870	0.572	4.926	10.481	39.524	31.979	102.310	147.930	29.880	113.482	2.966	18.925

map_520
	XhoI	XhoI	5.141	23.291	66.032	69.620	55.144	49.688	19.053	44.319	38.658	35.022	62.102

map_521
	XhoI	XhoI	32.344	37.299	21.712	16.487	46.900	60.082	29.017	8.151	14.394	65.336	32.260	33.219	18.988	8.087	19.873	92.440	36.967	65.699	54.926	28.631	21.427	48.627	54.710	41.011	2.388	27.757	27.227	15.416	5.447	24.944	22.860	27.729	51.111	17.251	6.742	26.745	5.879	23.524	10.811	26.386	93.175	53.340	32.220	37.039	4.932	33.906	17.540	57.149	28.887	23.655	70.248	55.346	21.422

map_523
	XhoI	XhoI	55.766	12.870	75.969	57.558	2.742	39.039	4.817	17.792	59.493	35.702	28.835	9.373	37.795	4.030	5.716	17.017	3.021	12.490	27.978	45.623	9.826	26.881	28.771

map_524
	XhoI	XhoI	17.284	12.553	17.976	31.231	2.478	1.893	12.223	24.632	55.629	58.057	50.072	34.301	55.775	57.820	49.117	2.110	126.101	67.956	116.197	30.052

map_525
	XhoI	XhoI	37.259	30.143	110.440	28.698	4.491	110.721	26.398	163.984	29.424	17.623

map_526
	XhoI	XhoI	6.338	10.836	3.066	6.866	47.314	45.130	37.563	107.872	13.776	26.480	14.508	10.024	59.762	44.668	23.651	46.008	46.671	4.390	32.009	17.906	16.593	56.378	38.830	38.266	4.081	14.343	60.144	12.450	12.489	0.941

map_527
	XhoI	XhoI	16.935	24.410	97.154	23.732	143.259	19.887	14.199	20.924	38.548	26.091	15.363	20.331	45.052	37.217	177.408	15.466

map_528
	XhoI	XhoI	27.914	13.287	2.947	23.339	23.788	18.651	14.850	74.229	9.502	10.312	64.111	12.042	21.911	28.306	2.788	3.216	11.848	15.270	8.857	9.039	47.903	39.983	12.866	47.952

map_530
	XhoI	XhoI	102.451	146.907	53.899	68.399	73.807	31.002	24.742	11.256	10.542	28.375	18.655	41.397	38.053	72.231

map_531
	XhoI	XhoI	31.516	3.283	45.181	36.795	43.899	41.190	16.660	33.349	17.212	16.924	49.289	41.435	6.483	29.501	11.234	14.367	42.837	33.132	18.863	8.013	20.023	92.371	36.717	65.370	69.862	28.793	20.488	27.551	28.923	41.019	45.917	15.543	23.511	44.184	103.027	85.460	40.311	39.337	26.572	1.886	5.353	25.532	23.191	26.959	6.440	6.604	14.180	6.007	23.484	11.282	26.643	42.537	60.748	51.524	16.477	36.997	14.370	35.306	66.634	72.978	82.581	54.529	39.887	3.320	21.299	94.177	28.661	21.402	35.524	3.975	19.901	2.978	12.832	28.863	27.027	38.897	9.742	26.872

map_532
	XhoI	XhoI	3.588	4.816	30.582	3.470	4.318	17.963	3.009	13.137	26.508	27.872	42.395	26.773	28.316	13.469	2.865	21.955	13.004

map_533
	XhoI	XhoI	11.231	7.018	15.036	94.015	65.547	11.913	18.830	29.884	2.519	1.959	11.184	15.718	8.300	6.497	5.803

map_535
	XhoI	XhoI	10.826	43.540	1.883	13.152	109.073	302.076	0.633	4.952	10.957	72.317	15.399	84.354

map_537
	XhoI	XhoI	10.345	17.202	27.267	14.173	7.624	1.680	58.340	46.993	25.410	43.982	43.801	6.282	23.686	16.455	46.047	29.779	29.166	8.563	68.545	12.985	12.821	18.953	8.118	20.045	91.776	38.486	61.069	65.993	28.830	28.995	41.889	25.555	15.893	21.559	51.612	104.691	20.099	36.043	26.723	23.172	27.494	50.218	8.685	6.604	25.836	1.223	5.262	24.183	18.411	26.920	52.636	48.963	68.464	16.141	37.635	21.230	34.100	38.759	56.791	28.593	13.347	71.220	54.672	2.566	164.726	15.458

map_538
	XhoI	XhoI	55.374	2.852	36.642	2.099	3.773	2.762	16.323	58.903	35.262	21.402	35.524	4.165	18.326	3.185	12.853	28.795

map_539
	XhoI	XhoI	0.818	25.563	39.376	15.860	27.447	29.082	13.564	5.195	22.220	23.383	6.906	15.165	78.243	24.197	13.229	67.938	12.052	23.024	31.830	2.838	3.274	12.093	15.191	8.708	9.118	48.973	4.204	25.615	27.268	12.023	46.629	89.655	112.336	2.205	11.875	63.932

map_543
	XhoI	XhoI	17.266	25.735	11.483	10.825	48.749	48.551	37.399	39.202	76.815	44.918	22.140	1.410	57.553	49.030	25.942	86.489	8.529	4.609	30.520	34.615	10.891	39.760	37.695	6.223	30.926	4.584	76.486	13.266	31.832	8.395	17.688	94.063	24.035	24.713

map_544
	XhoI	XhoI	39.820	41.931	27.060	19.971	14.317	21.851	40.302	26.619	16.103	20.885	107.473

map_545
	XhoI	XhoI	60.665	57.299	69.605	27.037	29.703	24.230	28.046	23.845	28.352	8.702	6.396	25.055	1.377	5.397	33.957	27.318	42.278	47.211	46.840	16.395	37.949	4.730	33.985	75.897

map_546
	XhoI	XhoI	85.673	56.589	2.776	36.785	2.114	4.682	2.593	17.944	59.464	35.679	19.686	35.361	3.539	4.542	18.941	2.965	12.778	31.880	0.955	25.210	39.818	9.798	26.261	29.244	27.562	2.686	22.796

map_547
	XhoI	XhoI	23.121	2.645	2.136	12.561	15.690	16.096	45.779	4.280	15.891	19.483	13.386	12.115	84.054	54.931	2.169

map_548
	XhoI	XhoI	99.159	2.193	12.997	109.731	70.136	141.968	14.321	80.859	5.166	10.168	36.685	33.733	16.448	87.446	13.730	16.367	121.446	60.595	86.143	2.915	27.190	213.100	13.171	56.861	44.049	72.869	83.650	40.349	13.667	10.010	59.934	49.189	25.585	43.328	30.667

map_549
	XhoI	XhoI	10.302	8.144	35.004	36.657	10.881	84.141	6.517	26.525	4.819	13.901	59.409	13.332	12.474	19.355	8.046	115.159	24.872	28.286

map_550
	XhoI	XhoI	72.507	52.505	41.463	2.388	45.049	9.527	26.968	23.652	27.480	50.281	8.471	6.583	25.195	1.070	5.127	24.010	10.931	26.523	42.289	105.984	54.015	60.418	58.851	28.212	12.583

map_551
	XhoI	XhoI	11.474	43.889	4.110	15.300	20.265	26.434	49.645	32.755	53.621	109.619	15.254	21.621

map_553
	XhoI	XhoI	17.841	91.854	68.117	53.890	10.711	3.339	6.926	27.686	19.178	42.644	41.368	113.488	16.379	41.831	7.979	1.430	13.987

map_554
	XhoI	XhoI	44.384	3.364	45.405	25.425	43.864	43.312	12.473	50.702	16.865	10.013	80.578	6.665	32.870	88.291	12.455	26.059	18.475	92.520	23.776	102.222	28.440	2.238

map_555
	XhoI	XhoI	83.227	53.721	41.294	29.923	18.332	7.216	1.931	29.196	22.940	26.749	50.157	8.884	6.835	27.258	4.920	24.357	10.347	73.341	50.716	52.571	16.071	37.321	4.946	34.216	16.566	55.133	86.580	55.334	2.644	37.912	2.264	6.634	17.018	62.892	36.248	28.924	35.658	3.844	6.612	18.903	6.676	12.546	41.282	56.613	9.456	27.606	28.707	22.790	5.261	21.798	22.747	15.235	73.220	64.571	12.228	22.643	32.412	1.528	2.501	1.726	11.908	15.133

map_558
	XhoI	XhoI	27.451	32.163	18.323	28.060	28.293	13.568	2.879	22.007	33.284	6.843	14.901	75.264	9.743	67.928	12.492	23.093	32.548	1.528	2.501	1.726	11.781	15.185	19.740	52.322	4.185	34.627	12.808	58.420

map_559
	XhoI	XhoI	37.522	143.244	14.917	74.849	5.296	47.752	33.106	3.451	12.634	89.271	144.109	30.011	4.769	22.389	84.056	119.471	66.697	55.027	14.385	7.136	29.698	2.650

map_561
	XhoI	XhoI	12.816	7.910	60.667	3.145	47.726	23.838	45.774	48.661	4.779	20.460

map_562
	XhoI	XhoI	32.706	17.250	10.307	42.822	36.537	6.476	27.971	4.559	14.637	86.234	19.390	8.237	18.988	122.050	115.475	28.560	20.232	35.683	42.848	25.801	16.484	21.399	44.242	120.630

map_564
	XhoI	XhoI	1.242	54.912	2.616	37.713	2.121	3.559	2.896	77.234	57.260	5.058	32.156	3.610	4.642	17.252	3.120	11.687	28.453	1.092	59.408	9.154	26.563	28.785	16.388	19.668	24.666	6.951	45.034

map_565
	XhoI	XhoI	42.414	9.512	74.396	11.908	17.259	29.632	1.629	2.459	30.106	8.864	6.191	45.433	4.166	57.681	46.623	35.383	55.886	55.537	48.797	2.212	13.150	120.105	189.343	33.398	38.072

map_566
	XhoI	XhoI	56.647	5.608	50.641	32.630	3.490	112.902	15.207	136.356	4.635	24.196	88.363	47.010	70.377	71.951	30.125	23.093	14.243	7.182	91.688	37.873	33.663	81.145

map_567
	XhoI	XhoI	2.945	39.564	14.824	7.943	1.502	57.048	69.340	43.728	40.402	8.026	4.508	32.079	7.139

map_568
	XhoI	XhoI	10.733	16.968	10.468	84.212	6.721	30.672	4.441	86.987	12.730	19.055	8.089	19.084	89.315	126.987	30.694	20.556	36.714	40.518	25.720	14.955	27.417

map_570
	XhoI	XhoI	69.173	13.504	69.874	59.018	2.665	37.250	2.027	3.884	3.145	16.280	58.463	36.605	19.593	35.109	6.545	17.825	2.908	12.628	30.012	0.781	25.062	31.995	9.783	27.831	29.152	13.749	2.797	21.711	31.456

map_571
	XhoI	XhoI	14.399	88.024	75.475	17.287	27.233	1.441	28.473	14.175	45.444	4.261	14.618	19.200	13.241	13.131	126.311	98.385	2.007	13.921	106.114	64.371	114.950	32.437	93.682	4.681	10.425	36.828	31.135	3.570	12.580	114.403	110.153	29.127	4.718	106.133	3.234	10.292

map_572
	XhoI	XhoI	14.307	24.093	140.979	31.216	24.098	14.464	7.036	47.354	44.950	12.972

map_573
	XhoI	XhoI	3.125	13.118	18.916	107.474	24.822	66.519	43.476	26.238	20.844	15.682	65.024	41.962	21.676	43.889	35.766	85.392

map_574
	XhoI	XhoI	25.542	38.779	3.752	22.143	3.158	12.897	28.635	0.746	53.818	9.364	28.935	28.003	13.776	2.882	22.552	23.738	6.757	15.066	72.214	9.395

map_575
	XhoI	XhoI	24.520	4.252	14.987	19.728	12.943	60.948	91.989	52.930	48.833	118.354	62.050

map_576
	XhoI	XhoI	164.083	77.673	5.040	46.309	35.940	99.838	14.027	16.203	112.550	32.932	24.863	86.259

map_577
	XhoI	XhoI	9.301	2.920	34.656	19.630	80.358	113.472	3.308	13.556	27.613	13.355	7.380	1.784	53.477

map_578
	XhoI	XhoI	5.645	71.308	44.325	38.010	7.895	59.985	71.685	37.185	6.574	28.954	4.831	14.114	58.669	13.488	12.784	18.800	8.202	17.833	87.410

map_579
	XhoI	XhoI	7.166	84.414	42.183	28.273	35.268	21.107	39.779	26.736	36.097	78.113	141.563	42.137	30.223	26.148	1.841	5.378	23.034	23.473	52.206	24.859	8.649	6.525	24.120	1.854	5.176	24.277	11.289	27.621	95.419	52.574	16.291	42.781	33.219	16.230	92.412	84.163	50.681	2.669	0.902

map_581
	XhoI	XhoI	0.653	24.086	7.025	87.829	19.502	68.246	31.212	29.924	1.480	4.298	11.131	15.880	8.607	6.301	43.316	37.787	12.414	12.880	81.984	57.645	54.353	44.160	2.212	12.950	118.550	43.506

map_582
	XhoI	XhoI	24.991	121.479	31.683	87.755	5.680	10.581	37.667	32.649	3.641	12.835	87.197	32.312	145.741	42.433

map_583
	XhoI	XhoI	32.641	66.620	31.305	24.925	11.362	3.476	6.996	28.777	19.802	119.703	78.131	17.202	27.862	13.982	9.320	59.518	1.479

map_584
	XhoI	XhoI	45.442	24.875	42.883	42.249	8.087	4.622	53.650	17.554	10.881	41.900	44.994	29.544	4.888	89.596	12.181	18.891	26.206	85.490	24.753	85.082

map_585
	XhoI	XhoI	123.731	15.852	37.726	41.083	16.903	59.419	120.629	54.727	2.609	38.757	2.013	3.861	3.150	15.451	60.297	36.153	18.709	4.863	33.357	4.634	18.392	2.784	12.989	27.797	0.728	25.584	30.850	10.148	29.075	28.762	13.206	2.958	21.757	22.892	7.013	15.084	77.638	10.092	36.534	39.757	31.891	23.280

map_586
	XhoI	XhoI	4.723	1.613	2.420	1.892	11.441	14.916	14.571	45.335	4.232	15.303	31.927	12.145	48.641	36.115	23.562

map_587
	XhoI	XhoI	34.675	57.055	48.432	1.990	117.424	184.706	32.200	93.061	10.131	37.792	46.870	85.095	14.131	15.238	147.715	23.954	84.612	55.929	69.002	71.188	29.930	23.201	14.800	7.223	48.967	5.684

map_588
	XhoI	XhoI	6.141	87.365	8.247	4.854	33.967	45.932	40.150	43.767	31.236	4.461	74.593	12.522	12.342	18.270	7.854	17.692	89.191	25.639	48.350

map_589
	XhoI	XhoI	17.047	24.604	15.957	21.919	160.408	52.703	43.045	26.746	17.667	7.314	1.841	5.496	24.314	22.656	54.144	17.654

map_591
	XhoI	XhoI	162.673	70.378	52.839	39.485	2.133	6.361	16.522	120.110	4.822	34.256	3.597	21.411	3.113	13.458	28.930	28.576	32.501	8.818	28.111	27.255	13.543	52.376	7.016	14.519	73.843	9.481	10.569	78.918	18.931	29.652	2.651	1.894	11.528	15.770	8.877	6.154	44.972	4.265	15.154	19.815	13.123	12.811	51.323	33.077	55.618	52.921	50.037	15.436	168.668	116.894	32.293	91.246	4.794	9.944	39.513	33.072	3.367	13.207	1.536

map_592
	XhoI	XhoI	1.913	6.701	28.787	18.953	82.334	34.374	78.197	13.560	27.823	13.451	7.859	1.566	59.049	69.597	44.602	1.396

map_593
	XhoI	XhoI	57.146	6.211	28.105	4.837	14.416	72.144	12.836	18.441	25.898	94.424	23.119	65.116	42.151	28.077	22.207	15.481	22.188	40.931	25.310	15.302	68.094	235.358	2.938

map_595
	XhoI	XhoI	0.640	56.802	29.181	82.397	55.877	2.651	40.076	6.624	17.059	62.513	35.503	19.104	4.738	33.429	8.655	21.413	12.529	28.924	0.842	25.078	44.909	28.466	27.614	13.233	3.043	22.598	24.584	6.502	15.213	72.491	9.485	10.683	66.758	12.227	18.457	28.291	1.385	2.510	1.658	12.136	15.006	15.066	51.175	47.507	12.787	48.298	20.643

map_596
	XhoI	XhoI	68.633	15.135	35.891	33.634	16.776	100.130	15.752	112.511	27.634	120.948	3.569	116.041	70.747	31.698	10.302

map_598
	XhoI	XhoI	42.204	28.334	13.515	8.048	1.950	59.127	3.160	45.844	25.141	44.740	49.592	4.671	33.733	35.729	10.488	41.424	43.276	26.369	4.871	72.374	12.947	13.338	19.928	8.466	18.238	89.661	129.703	12.390

map_599
	XhoI	XhoI	15.024	56.070	39.209	41.989	19.978	44.538	38.394	88.456	55.995	40.496	30.466	18.576

map_601
	XhoI	XhoI	6.987	27.778	14.461	70.876	97.979	2.224	3.541	2.588	16.045	62.263	35.914	19.787	4.617	35.287	23.125	3.048	39.920	1.129	25.359	33.223	9.668	25.714	28.472	13.495	24.535	24.951	21.548	28.298

map_602
	XhoI	XhoI	7.483	16.175	8.965	6.227	42.567	4.174	15.738	20.225	13.018	12.678	81.372	56.086	56.684	46.641	127.454	175.998	44.289	83.507	5.126	75.308	3.578	13.584	51.597

map_604
	XhoI	XhoI	3.676	29.351	24.977	14.366	7.176	28.093	64.515	39.643	35.626	80.910	13.311	46.911	1.763	63.641	3.217	44.782	71.978	41.068	7.774	4.785

map_605
	XhoI	XhoI	32.878	18.255	18.511	10.751	43.780	42.198	29.208	4.269	14.023	68.693	12.638	19.692	23.455

map_606
	XhoI	XhoI	98.691	24.966	67.162	43.921	28.644	36.202	82.838	15.192	21.719	42.501	124.594	50.424	38.893	2.168	25.568	26.532	5.472	24.733	22.150	27.423	22.656	14.067

map_608
	XhoI	XhoI	62.659	29.766	13.451	75.838	56.369	2.567	37.439	2.042	3.908	3.141	17.109	58.082	36.803	18.314	4.989	33.285	8.457	66.039	0.615	26.090	33.140	9.419	29.684	29.910	13.180	2.873	20.917	30.856	14.955	82.786	10.700	62.385	12.757	48.971	1.672	2.493	1.794	11.682	15.364	8.200	6.207	45.021	4.073	14.769	36.559	12.514

map_609
	XhoI	XhoI	114.301	50.305	79.831	5.530	10.004	70.260	3.157	12.875	82.522	27.670	147.844	4.804	24.566	21.344

map_610
	XhoI	XhoI	62.269	3.094	26.071	25.191	68.930	65.228	54.772	10.833	3.464	7.059	90.246	38.756	123.699	40.868	13.772	9.662	56.309	3.279	45.040	24.610	81.828	8.179	4.573	48.386	16.271	10.133	42.376	72.642	4.905	14.100	70.520	12.655	19.506	7.958	17.914	22.540

map_614
	XhoI	XhoI	11.177	10.465	57.209	16.775	21.763	24.493	22.993	78.732	9.669	10.184	65.187	28.666	28.247	4.063	2.028	12.142	15.366	8.790	6.081	47.377	4.356	14.570	32.459	12.945	48.931	33.627	26.059

map_615
	XhoI	XhoI	124.075	2.201	188.167	108.320	32.780	14.444	81.762	4.971	10.813	72.342	3.532	12.681	97.609	1.797

map_616
	XhoI	XhoI	23.047	10.475	28.650	19.452	43.452	37.806	32.809	83.018	13.222	40.879	7.560	1.907	55.293	47.692	24.595	32.877

map_617
	XhoI	XhoI	13.282	10.231	89.072	35.835	14.068	58.967	12.810	29.443	7.559	17.822	97.570	24.166	63.648	43.339	30.042	35.304	89.097	37.282	85.167	153.081	39.824	2.203	27.600	18.747	7.805	1.823	5.305	23.018	22.890	27.773	24.468	27.666	1.970

