8,13,17,18,20,25 : 19,24
1,4,15,25,31,37,44,50 : 12,27,33,34
2,5,6,17,25,37 : 4,16,22
15,16,17,22 : 13
7,10,11,20 : 9
5,9 : 3
3,4,8,20,36,38,39 : 4,7,10
8,12,18,21 : 10,15
1,7,11,18 : 11
3,8,11,16,19,27,40 : 18,19,31
0,7 : 8
4,7,8 : 2,13
4,7 : 9
0,9 : 1
0,3,9,11,31,35,39,41,45,48,66,68,73 : 3,6,8,38
1,5,17 : 1,6
7,10,15 : 3
0,1 : 8
6,7,10 : 7
1,9,14,20,32,33,40 : 11,12,34
2,10,18,19 : 8
8,10,12 : 5,7
3,7 : 2
4,8,13,34,35,37,38 : 1,12,13
11,12,19,22 : 3,15
2,11,12 : 11
4,8,9,14,29,34,36,39 : 2,21,29
8,9 : 4
1,9 : 3
0,11,16 : 1,9
9,10,27,28,30,33,39,41,51,52 : 6,14,21,43
13,19,20,23 : 4,5
0,8 : 2
5,8,11 : 3
0,2,7,16,17,26 : 20,22
7,8,14 : 9
8,10 : 6
2,3,12,18,24,33 : 7,15
1,10 : 5
7,17,21,22,26 : 2,12,24
0,9 : 0
2,8,16,18 : 12,13
1,5,12,22,27 : 9,13
3,11,14,16 : 9
0,6 : 7,10
0,12,13 : 11
12,14,20,22,28,30,34,40,57,58,63 : 5,11,22,25
18,23,26,30,31,34,38,45,47,56 : 2,5,32
0,8,11,19 : 3,16
7,9,11,13 : 2,5
4,7,10 : 0
2,5,9 : 3
6,8,13 : 7
6,8,19,28,30,37,38 : 0,23
5,9,15 : 4,5
10,11,19,27,29 : 3,5
7,10,14,15 : 4,6
0,23,30,35,39,41,42 : 4,8
6,7 : 2
4,16,20 : 7,9
4,6 : 2
0,11,17,21,33,36,40,43 : 7,23,24
2,16,26,40,44,45,50,52,54,61 : 5,15,36,45
4,5,13 : 2,3
5,8,9 : 9
7,15,18,20 : 4,9
2,3,6,11,25 : 7,13
14,15,18,20 : 6,10
1,2,3 : 11
4,7,12 : 5
1,7,13,20 : 3,13
1,8,10,23,35,37,38,44 : 15,29,38
2,3,17,20,21,27 : 5,16
4,6,7 : 8
6,10 : 8
10,12,16 : 2,4
4,14,21,22,30,32,42,49,52 : 0,15,36,40
6,10,12 : 4
2,8,16 : 2,12
0,5,12,13,18 : 15,19
2,11,20,21,22,24,37,40 : 16,18,25
1,13,17,21,22,25,32,46 : 25,32,39
2,4,8 : 0
0,4,11 : 7,14
2,17,18,23 : 1,6
5,9,10 : 0
6,8 : 2
0,13,19,23,25,26 : 7,27
5,12,17 : 16
1,4,7 : 0,7
1,6,16 : 2
0,4,9 : 2
5,6,14,19 : 5,16
2,6,13,15,35,39,40,41 : 6,12,35
1,3 : 1
0,1,9,17,23,24 : 0,10,14
0,6,7,13,14,15,19 : 3,29,30
3,5,7,10,13 : 0,20
1,3,9,12,20,25 : 17,25
4,7,13 : 7,10
6,12 : 0
8,11,17 : 6
7,9 : 0
0,9 : 11
8,13,19,31,34,35,42,43 : 17,26,31
4,8 : 5
6,7 : 4
3,7,10,18,21,24 : 2,15
13,15,16 : 10
4,13,15,17 : 4
4,7,15,19 : 1,17
11,18,22,23 : 12
12,16,26,28,30,32 : 8,13,16,27
5,11 : 0
3,4,8,11 : 1,6
0,1,11,14 : 14
7,11 : 3
5,7,10,18,22,23,32 : 3,17
23,25,26,27,31,32 : 1,3,19,23
6,16,17 : 10
1,5,12 : 3
1,8,15,21,27,30 : 0,8,23
1,9,11,15,17,19 : 0,24,27
0,14,16,23,24,26,34,45 : 5,16,17,29
1,5,11 : 4
0,2,12,17 : 5
0,2,6 : 14
1,3,11,18 : 4,20
3,10,17,20,23,31 : 0,6,18
1,2 : 2
2,5,6,11,15,23 : 9,23
6,8 : 5
11,13,16,28,29 : 0,24
4,12,13,33,35,36,46,49,54 : 14,20,27,46
5,6,7,14,15,25,29,36,54,70,72,76 : 10,22,41,43,62
0,3,4,21,23 : 5,14
0,3 : 0
0,5 : 5
11,14,15 : 3
2,6,8,9,14,21,23 : 9,14
0,2 : 8
6,11 : 5
13,28,30,36,38,39,42 : 11,14,25
5,12,15 : 3,12
1,7,12,20,27,28 : 9,22
7,9,18,32,35,37,41,45,48 : 4,10,15,21
1,9 : 7
0,9,10,17,21,28,33,37 : 2,20,34
0,3,6,9,32,40,41,44,51,56 : 29,33,45,46
4,11,14,21 : 3,10
0,3 : 7
0,8,9 : 9
6,10,15,16,19 : 14,25
3,10,16,22 : 2,5,18
2,3,6,14,18 : 4,17
2,3,7 : 3
2,28,29,32,34,35,39,44 : 15,23,37
6,7 : 10
4,10,16 : 1,14
13,14,19 : 16
9,12,15,21,27 : 10,20
9,12,13,24 : 3,12
6,11,12,16,22 : 1,6
7,9,12 : 0
3,4,15,22,30,37,41,52,54,56,61 : 13,35,36,45,53
2,12,23,25 : 4,8
1,5 : 9
8,15,22,24,27 : 5,11,19
5,20,24,26 : 1,14
12,14,20,21,22 : 0,4
0,2,25,26,28 : 13,14
14,19,20,22 : 4,11
2,4 : 7
5,13,21,26 : 5,20
3,4,13,16 : 3,8
2,6,7,20,22 : 7,15
0,14,17,33,34,35,36,41,43 : 20,21,35,38
1,10,15,16,26 : 4,17
2,7 : 6
0,1,3 : 1
0,6 : 2
4,5,12,17,24 : 11,14
6,15,16,30,32,36,41 : 9,29,32,36
5,6,7,13,20,27,36,38 : 2,21,24
1,6,24,30,32,33,49,54,56,63,64,69,78,84 : 13,35,45,49,61,66
1,5,7 : 1
0,2,6,11,16,27 : 8,16
6,8,14 : 3
8,9 : 3
2,6,7,17,26,31,34,35,45,50,61,67,70,75,81,84,88 : 9,22,34,51,73,78,83
0,1,20,21,23 : 2,20
0,1,3,8,12,33,37,42 : 12,20,23
5,10,12 : 13,14
0,4,18 : 13
3,11 : 1
6,8,11 : 11
10,12,20,21,28 : 4,18
2,6,9,11 : 13
2,21,24,25,26,29 : 3,9,23,28
3,6,21,24,25 : 18,19
5,10,18,23 : 18
7,10,13,23 : 2,4,6
0,9,10,12,16,25,32 : 10,20,21
0,6,22,24 : 7,20
15,18,22,23,29 : 1,9
2,10,17,20,24,32,43,48 : 10,25,33,37
3,8,11 : 1
2,7,10 : 12
3,9,16 : 5
1,8,15,17 : 0
3,6,7,10 : 5
5,8 : 2
3,4,11,21 : 2,6
15,21,24,31,32,34,35 : 9,16,31
1,3,10,12 : 0
3,7,8,20 : 7
1,12,13,14,20,32 : 20,26
3,5 : 0,3
12,18,21,24 : 3,22
4,7,10,15 : 7,17
4,7,14 : 2
3,8,13,17,24 : 13
0,2 : 1
1,8,15,20,27,28,29 : 13,23,31
7,15,19,22,32,36 : 0,13,25
1,8,9,18 : 10
6,7 : 5
3,11,17 : 13
2,4,11 : 11
6,9 : 2
0,9,13,16,20,23,35,46,59,61 : 10,13,18,31
11,17,20,21,25,36,38 : 10,25,33
0,3,11 : 11
10,11,19,22,26 : 7,12,19
0,2,6 : 9
4,5,13 : 7
4,12 : 4
3,14,15 : 11
12,13,14 : 0
6,10 : 3,5
0,12,20,21 : 1,4
6,9,10,15,17,20 : 14,21
3,16,17,22,27,31 : 8,27,28
0,3,7,15,20,23 : 2,25
2,16,17 : 3,9
2,18,22,28,32,34 : 9,23,28
1,11,16,20,26 : 8,15
6,9,10,18,23,29 : 7,27
7,9 : 5
2,11 : 4
3,16,25,26,28,31,36,44 : 10,16,17,21
9,11,13,22 : 11,17
0,6,8,11,23,31 : 27,31
0,1,10,20,28,29 : 0,1,22
3,5,12 : 9
0,2,6,13,21,31 : 7,14,15
1,4,23,28,29,31,37 : 22,27
3,5,9,13 : 9,15
4,5,9,20,26 : 9,14
4,8 : 2
7,13,18,20 : 12,13
3,6,8 : 11
2,6,21,27,30,41,49,54,56 : 1,7,29
2,6,8 : 10
1,8,11,19 : 5,7
2,4,14 : 11
4,9 : 0
3,5,12 : 2
0,7,18,28,29,37,46,48,52,53 : 9,11,46,49
0,3 : 5
1,9,15 : 15
4,8,9,21 : 7,12
11,12,15 : 12
0,2,10,13,26,32,50,53,55,58,59 : 0,16,21,29,44
2,4,22,24,25 : 0,15
0,2,8,11 : 11
5,7,14,17,22,23,27,28,37,41,46,60 : 2,53,54,56,58
9,15,17 : 6
4,5,14,17 : 12
1,4,13,18,24 : 4,18
12,13,16,17,19,20,41 : 0,32,37
1,4 : 1
1,4,8,21 : 8,20
4,6 : 5,10
6,7,21,22 : 6
3,8 : 1
2,10 : 3
9,11,15,19,27,36,37,47,48 : 2,30,34
0,3,8 : 6,11
4,8,11 : 6
3,7 : 3
8,19,20,23,25,26 : 2,13,15
3,12,15,19,21,22 : 9,27
0,4,5 : 4
4,11,15 : 0
7,10,13 : 4,6
0,3,5 : 2,7
9,11,12,18,25,31,32 : 2,13,31
1,8 : 7
2,7,12,17,18,24 : 25,31
6,20,25,27,30,35 : 6,18,22
3,6,14,18,19,25,32,38 : 10,15,17
2,11,16,20,25,26,45,47,54,60 : 11,27,34,43
5,7 : 7
0,6,12 : 0,2
10,12,19 : 16,17
2,5 : 0
3,10,15 : 6
1,9,11 : 4
7,9,10,16,27,37,38,50,54 : 2,6,22
5,6 : 1
10,16,18 : 1
3,4,14,18,27 : 5,12
7,18,20,21 : 2
5,6,15 : 2,3
0,7,15 : 3
1,10,11 : 3
6,18,20,22,25,35,45,50,53 : 0,11,31,42
1,3,16,17,22,33,40 : 13,15,32
10,11 : 8,10
2,6,10,16 : 7,12
5,18,21,22,24 : 9,13
2,3,7,19 : 16
2,11,15,21,30,31,37,47 : 14,26,36
6,10 : 2
1,8 : 6
2,6 : 7
3,11,18,21,28,30,31,32,43 : 17,22,42,43
2,7,10,12 : 5
0,1,13 : 10
0,1,10,11,19,23,27 : 8,11
8,10 : 0,1
2,6,13,20 : 4,5
10,18,22,24,27,28 : 16,27
4,5,20,30,42,43,45,53,56 : 5,38,43,45
0,1,2,11 : 6,9
1,20,21,30,31,40,43,46 : 2,3,19
3,10 : 9
0,4,26,34,36,38,44,51,52,55 : 8,24,34,47
0,6,16 : 9
4,11,16,17 : 6,17
2,5,10,20,24 : 17,23
0,1,8,11 : 6
2,3 : 6
4,9,16 : 2
1,4,5 : 11
3,4,11 : 4,7
4,12,22,23 : 5,7
0,4,12,16,17 : 4,14
1,2,6 : 3
4,10,17,21,33,36 : 3,4
1,3,10 : 4
6,7,13,18 : 1,14
9,12,15,19,22 : 7,13
4,6,7,22,25 : 1,3
7,9,17 : 12
5,8 : 4
4,6,17,18 : 17
1,18,21,22 : 2,7
11,13,24,25,28 : 2,16,23
2,8 : 1
14,17,18,19,20 : 0,14
3,9 : 2
2,4,5,14,30,31 : 8,19
14,19,20,22,23 : 3,7,10
2,3,20,22,28 : 12,15
6,8,13,14 : 3,16
9,12,16,21 : 14,18
0,4,13 : 3
4,15,21,24,25 : 2,19
4,14,15,24 : 2,19
4,9,17,19 : 8,15
0,3 : 3
9,13,17,24,30,31 : 13,25
1,3,5,17,25 : 7,25
3,4,10 : 8,11
3,10,14 : 7
2,15,25,29,30 : 15,25
8,10,14,19,27,28 : 15,18
0,7,14 : 3
14,17,19 : 3,10
2,4,10,20,24,27,38,39 : 5,16,31
2,5,13 : 5
8,12,14,17,27 : 15,21
2,8,23,32,35,40,47,58,59,60,62,75,81,83,86 : 5,17,36,45,50,61
2,4,18,19 : 0
1,12,16 : 3
0,3,7,16 : 3,10
0,5 : 0
7,8,11,14,22,25,32,41,43,44,46 : 17,37,44,45,54
1,3,7,25 : 6
10,12,14,22,25 : 11,20
0,6,16,20 : 0,16
2,18,23,25,31,33,37,48,49 : 9,15,31
8,10 : 7
3,15,18,19,21,24,29,35,49,59,66,70,71,79,84,92 : 24,36,37,47,67,71,77
1,9 : 3
0,3,19 : 5
3,10 : 6
2,15,27,29,35,42,47,49,52,54 : 20,27,37,41
1,2,14,17,23,25,34 : 5,7,14
8,10 : 1
2,25,28,32,33,35 : 2,26
11,13,20,21 : 12,15
7,16,23,24 : 5,6
0,9,11,12,19,22,23 : 0,3,13
3,4,7,8,15,19,20,38,53 : 19,23,33
0,3,13 : 5
0,2,8 : 8
4,12,30,33,35,37,38 : 1,26,27
12,14,19,21,22 : 23,24
15,18,25,27,29 : 4,6
1,2 : 6,8
2,12,13,19 : 3,6
8,10 : 7
0,7,13 : 3
4,5,16,17 : 4,8
1,11 : 0
4,5,9,20,21,22,26,37,46 : 6,16,38
0,1,8,10 : 6,11
1,2 : 5
4,7,10 : 3
8,9 : 4
5,10 : 0
3,5,12 : 8
9,10,18 : 3
4,9,10 : 15
1,2,7,8,23,26,32,34,41,45,53,68,72,82 : 3,8,21,36,67,68
3,8,10 : 7
2,4,5,28,30,32 : 5,7
5,10,12 : 0
0,2,7,13,18,19,35 : 2,5,6,28
3,6,22,26,27,29 : 0,23
4,9,13,19,26,27,49,52,56,58 : 5,34,37,52
5,6,19,20 : 6,14
1,4 : 3
1,20,27,31,33,35,38 : 22,23,30
1,3,7 : 7
5,8,21,22,26,29,34,38 : 9,20,26,35
10,20,21,22,30 : 1,16
2,5,7,20,26 : 20,22
6,13,17 : 8
3,12,14,15 : 14
2,3 : 2,3
0,1 : 9
3,6,10,18 : 7,10
2,3,4,7,29,37,41 : 10,14,30
1,7 : 4
1,13,17 : 7
23,31,33,35,36,38,40 : 3,30,31
5,10 : 4
5,15,17,21,28,29,37 : 12,14,21
2,11 : 9
0,2,12,19,25,28 : 0,17
2,3,4,28,29,32 : 11,21,26
2,6,17,19 : 10,20
0,7 : 5
6,10,15 : 11
8,9,12 : 13
2,7,9,12,26 : 6,20
6,9,17,18 : 0,8
0,3,12 : 2,3
6,10,11,15,20,24,29 : 3,21,27
0,2,4,10 : 7
0,12,15 : 2
0,1,2,14 : 6,10
7,8,21,23,25 : 6,10,23
1,8,18,29,32,33 : 2,25,27
0,8 : 8
0,9,15,23,29 : 16,19
9,12,15,18 : 8
0,6,7,11,21 : 5,12
1,2,6,11,25 : 10,15
1,3,7,11 : 1,15
4,6 : 8
2,7,9 : 10
12,13,19,23,31,32 : 4,7,15
0,2 : 0
3,12,13,15,25,35,37,41,43 : 5,12,17,40
7,8,13 : 4
8,10,14,25,27,34,45,46 : 23,26,37
6,13,24,27,28,36 : 1,25,30
4,9 : 7
1,7,11,16,18 : 4,9
3,9 : 7
3,14,15,22,26 : 13,14
4,6 : 0
2,15,22,30,33,44,45,47 : 0,9,13,16
2,5,6,7,24 : 7,11
7,11,13 : 0,5
4,7,10,16,27 : 4,13
3,5,11,17,19,30,31 : 5,24,31
2,3,11,12 : 2,19
5,7,17,18,22 : 1,13
6,7 : 0
5,7,13 : 11
6,7,10,11 : 0,18
6,8,10 : 9
3,9 : 7
7,8,9 : 0
3,9,12,14,27,29,30,43 : 3,4,15,28
0,1,13,17,19,25,30 : 3,29,35
0,1,2,12,17,18 : 2,10,19
12,13,14 : 0,8
6,8,22,25,34,39,40,43 : 3,16,17
5,7,8,15,19,20,26,29,38 : 12,14,20
9,11 : 3
3,7 : 2
16,18,23,30,35,39,43 : 14,28,35
0,6,7 : 5
1,5,8,17,24,27,35,39,43,46,54 : 7,25,34,53
1,10,17 : 12,15
10,17,19 : 3,11
5,9,10 : 6
4,11,20,21 : 14
2,7,23,35,36,40,41,45,48 : 1,12,15
8,13,15,16,34,35 : 13,23,24
0,8,14 : 0,7
13,21,25,27,32,37 : 1,17
0,2,5,7,12,20,23,25,36,43,49,54,66 : 3,24,32,38,45,49
0,18,19,21 : 16
5,11,16 : 8
0,8 : 8
2,8,10 : 6
0,3,6,17 : 6,19
13,17,19,29,35,37,40 : 0,9,25
0,7,16,18 : 2,11
1,10 : 1
2,13,16,20 : 2,9
6,14,20,21,26,31,32,41 : 4,5,14
0,1,2,20,29 : 1,6
7,14,21,26,28,34,38,41,48,53 : 1,36,37,48
1,3 : 2
1,4 : 0,6
0,8 : 9
12,18,22,23,24,26,32,35 : 0,2,10
5,6,7,13,22 : 6,18
1,6,12 : 5
0,3,9 : 5,9
5,8,13,18,25,34 : 0,8
0,2,10 : 3
3,12,18 : 6
10,12,16,21,27,32,42,44 : 13,16,38
1,10,12,19 : 8,9
14,20,21,23 : 7,11
2,4,10,22,31,35 : 10,14,29
1,6,7,18,21,23 : 9,22
2,10,15 : 14
7,8,11 : 3,11
4,5 : 3
5,14,15,19 : 3
1,2,4,8,20,21 : 17,21
6,10,17,19,29,35,36,44 : 3,18,23
4,5,6 : 5,10
0,4,7,14,17,25,30 : 11,30,35
5,7,9 : 8
2,4,16 : 11
3,9,16,23 : 3,10
2,10,15,20,30 : 1,18
0,16,18 : 1,6
4,9,13,14,20 : 1,11
7,11,12,16,26 : 16,20
12,16,26,28,31,32 : 18,24
2,3,7 : 2
5,10,12 : 11,12
1,12,14,17,29,34,44,45 : 15,29,38
4,10 : 5
15,20,21,22,28 : 0,1
4,15,17 : 9
7,10,12 : 0
1,3,6,11,14,27 : 19,21,25,26
2,8,9,18 : 3,6
0,5,7 : 1
6,7,11,14,19,39,41 : 13,32
4,8 : 1,7
3,4,14 : 3,6
10,11 : 6
2,6,7,9,15,18,29,38 : 19,30,35
5,7 : 8
6,9 : 9
7,10 : 7
1,4,21,23 : 13,14
6,17,19,20,30 : 16,17,19
3,6,13,19,23,24,29 : 4,18,28
1,5 : 1
0,15,16 : 7
9,17,18,21 : 16
7,8,12,22,29 : 4,9,17
0,5,7 : 4,12
6,13,23,25 : 11,21
0,1,10,14 : 6,13
12,14,22,26,28,32 : 4,17
3,8,18 : 4
4,9,10 : 9
4,9,12 : 10
0,1,3,7,8 : 2,18
11,12,13 : 6
7,9,15,17,25,26,42,43 : 4,21,26
5,13,14,18,23 : 3,6
4,9 : 7
0,1,4,8,22,24,37,39 : 9,17,33,41
0,1,21,22 : 12,15
0,5,7 : 5
6,10,13,17,25 : 4,22
0,7,15,26,32,38 : 4,20,27
0,2,10,18,21 : 18,21
8,18,23,25,28,35,39 : 3,23
6,8,10,15,19 : 1,5,16
2,7 : 0
2,5,9,23,24 : 9,14
4,7 : 5
12,14,15,23,28,31 : 2,23
3,10,14 : 3
7,8,10,12,28,32,34,44 : 4,9,18,20
4,7,10,12,18 : 1,2
7,8,11,21 : 5,9
4,8,11,13,24 : 19,21
1,2,14,15,27 : 1,7,19
1,15,16,17,21,23 : 2,25
4,5,8 : 6
4,10,11,17 : 9
10,13,21,25,26 : 12,16
4,15,22,24 : 14
3,9 : 5
9,10,11,13 : 8,17
0,4,5,8,9 : 10,15
1,15,19,21,22,26 : 0,22
0,2,5 : 9
0,11,13,15,24 : 2,7
8,10,12 : 9
0,8,12,20,24 : 7,17
6,9 : 4
1,6,15 : 7,8
2,13,15 : 11
2,9 : 4
11,12 : 11
0,6,7,10,26,30,35,51,63,66,68,69 : 6,16,26,29,40,45
7,11,12,13,22 : 1,19
14,27,28,31,36,37,41 : 14,23
3,5,16 : 1,7
0,16,17,21,30 : 0,21
1,2,10,22,23 : 5,17
0,12 : 5
4,5,8,11,15 : 5,14
2,8,14 : 13
0,4 : 4
0,4,7,9,20,28,34,45 : 6,11,35
4,6,14,17 : 4
1,11,14 : 14
1,5,9,14,16,19,24,25,27 : 12,19,29,30
10,11,16,24,30,31,35,41 : 9,21,26
4,11,15 : 9,11
0,8,9,13,20 : 21
5,19,24,29,30,32,38,43,54,59 : 15,18,20,44,52
9,13,16,23 : 4,15
0,2,13 : 12
0,7,9 : 4
2,8,9,12 : 1,20
3,7,9 : 6,10
5,11,17 : 9,10
0,5,11,13,21,37,38 : 6,16,29
9,10,12 : 4
3,6 : 8
6,16,19,23,32,48,49,50,56 : 3,9,47
0,8,12 : 8,9
4,8,14,22,42,47,49,50 : 0,15,23,33
2,4,10 : 0
0,7,12,13,28,29,35,41,45,47 : 5,15,30,39
0,3 : 8
6,9 : 7
7,11,18,21,24,40,41,45 : 22,31,32
5,9,12,20 : 5
0,3,13,23 : 7,14
9,13,18,21,26,28,34,39 : 3,6,11
1,2,3 : 0
11,16,19,23 : 16,18
8,14,17,18 : 1,3
6,16,18,20,24,41,42,52,57,66,74,76 : 18,30,39,49
0,9,14,18 : 4,17
5,8 : 6
4,7 : 0
0,8,9,15,31,37 : 0,29
1,5 : 4
3,6,9,14,25 : 0,3,17
8,9 : 1
1,2,11 : 4
1,13,14,18,24 : 2,12
4,17,21,23,31,34,36,39,49,51,56 : 11,14,17,32
3,5 : 2
3,9,11,16,23,34,36 : 4,17,18
0,4,5,14,34,36,39,45,46 : 18,35,38
10,13,26,29,32,34,36 : 12,24,25,31
2,9,13,22 : 1,14
7,12,13,14,20 : 11,16
3,8 : 2
7,10 : 7,8
0,4 : 3
4,11,16 : 10
5,6,17,20,21,23,30 : 5,7,8
7,14,19,20 : 15
6,17,27,30,32,40,48,51,54 : 15,45,46
0,1 : 5
6,7,18,24,29 : 6,22
2,11,15 : 4
1,4,9,14,22 : 0,3
5,7,13,14 : 3,11
1,6,12,15 : 7,13
9,10,12,27,45,49,50,51,54 : 1,26,31,32
1,3,5,6,9 : 19
0,7,9 : 6,10
7,16,22,25,27,35 : 17,26,27
2,7,14,22,24 : 0,23
4,7,21,24,29,36,39 : 17,27
6,10 : 5
1,5,6,19,21,28 : 1,10,21
10,11,15 : 3
6,13,15,17 : 4,10
1,2,4,10,18,24 : 19,20
1,16,19,24 : 14,16
0,3,8,11,25,41,43,46,53,56,68 : 14,16,45,56,58
2,3 : 5
10,15,18,19,36,37,43,50,53,58 : 11,18,21,44
3,4,6,19 : 10,14,15
4,5,12 : 2
2,7,18,22,27 : 12,15
2,8,11,12,25,30 : 3,6,18
11,13,19,24,39,44,47,50,52 : 18,25,33,41
6,12,17 : 0,13
2,6,11 : 1
4,8,12 : 11
2,3,10,17,24,28,29 : 12,17,30
2,5,9,14,22 : 11,19
2,12,13 : 7,9
2,4,11,20 : 9,17
6,8,13 : 2
7,8 : 6
0,6 : 8
5,13,17,19,22,23 : 4,10,23
22,24,26,28,37,40,42 : 9,16,23
0,7,13,17,20 : 7,19
1,4,5,6,7,14,15,43 : 12,25,26,34
1,3,13,14 : 3,5
6,16,17,21,28,45,46,53,55 : 13,16,17,41
1,8,9 : 2
12,13,18,22 : 15
5,7,23,24 : 6,9
14,19,21,25,28 : 10,11,14
7,10,13 : 5
0,4,8,9,14 : 10,19
0,5,15 : 10
0,6,11,18,33,36,38 : 6,11
6,10,11 : 5,12
2,9,17 : 9
7,8 : 7
1,9 : 8
4,7,10,15,25 : 5,20
6,10,22,26,27 : 4,14
3,7,12 : 7
0,9,15 : 3,8
10,23,25,31,35,36,39 : 1,12,17
0,7,14 : 3
5,6 : 2
7,8,16,17,20,21,24,45,46 : 20,32,41
3,12,14 : 2
2,4 : 4
10,11 : 1
6,12,14 : 15
5,7 : 5
1,4 : 3
6,13,15 : 3
7,11,12,14,16,22,37,44,58,63,68,73,74 : 7,24,28,35,53,67
1,6,8 : 0,1
1,6,9 : 7
1,21,22,25,27 : 5,12
10,11,18,21,27,28,42 : 4,30
7,8,11 : 12,14
2,5,15,21,23,24,38 : 4,29,34
2,8,9,13 : 10
12,13,14,19 : 5,9
4,6,10,20,22 : 2,24
3,6,13,21,24,27,36,45 : 4,28,38
2,3,8,9 : 10
1,6 : 3,5
4,5 : 3
6,7 : 10
8,9 : 2
2,11,17,18 : 10,13
1,2,7,18,26,35,48,49 : 12,21,27
0,2,13,15 : 1
0,6,8 : 6
1,10,11,23,30,31 : 4,13,14
14,15,18,21,25 : 3,11
9,10,13,23,27,31 : 16,23
9,11 : 8
5,12,17,19,23,24,37,49,53,56,62 : 6,15,20,21
14,15,22,28,31,34,41,44 : 1,28,29
11,15,19,24 : 6,15
0,2,12 : 2
6,9,12,17,27 : 11,17,24
2,7,18,20,25 : 2,6
5,9,19 : 6
3,4,6 : 8
0,8,18,22 : 6,12
2,8,13 : 2
3,5 : 2,7
0,12,14,29,31,32,42 : 2,18,24
6,7,9 : 6
5,9 : 5
8,14,16,19,20 : 7,23
1,13,26,27,30,37 : 9,24
8,12,19,25,27 : 2,12,22
5,8 : 4
7,9,11 : 12
1,2,16,21,28,34 : 27,30
4,13,20,22,26,27,30,32,42 : 3,8,29,38
4,12,13 : 3
13,14,22,23,26,33,39 : 0,15,27
3,6 : 6
19,20,26,28,34,35 : 0,21
10,12,13 : 5,10
2,3 : 3
6,9,15,16,23,36 : 2,19,22
4,11,12,24,29 : 3,15
8,9,10 : 0
0,1,10 : 9
2,7,12 : 7
5,12,15,21 : 22
2,22,27,32,34,36,37 : 12,16,28,32
14,17,22,26,32,35 : 5,22,23
1,5,18 : 4
5,12 : 3
0,8,12 : 5
5,6,12,18 : 10,18
10,15,17 : 4,10
4,16,18,21,26,31,37,44 : 7,28,29
1,5,14 : 13
7,8,9,13,18,34 : 1,16
12,14,20,24,25,31,39,40 : 0,5,18,20
7,10,12 : 8
5,6,8 : 8
4,8,18 : 6
0,1 : 5
1,7 : 6
11,12,21,22,29,33,35 : 23,25,30
12,13,14,15,17,33,38,40 : 2,5,20
4,12,17 : 12
1,3 : 7
16,19,21,24,25 : 9,14
3,6 : 9
0,2,11,23,26,30,40,49,52 : 14,19,21,23
1,7,11,16,23 : 18,23
9,10,15,21 : 4
1,6,14,21 : 2,4
2,12 : 0,8
13,18,23,27,29,39,44 : 4,12,37
1,10,12 : 12
2,4,8,9,17,23,28 : 9,27
2,5,6 : 4,9
10,11 : 7
3,9,15 : 3
1,2 : 1
2,10,12,16,24,27 : 3,19
2,11,14 : 6,14
7,8,11,20,36,38 : 31,32
4,5 : 3
3,6,12 : 0
1,8,12 : 6
22,23,24,25,29 : 4,22
1,6,18,24 : 5
8,10,26,29,33,37,38,49 : 0,4,8,21
0,9,10,25,27,29 : 10,20,30
2,3,9,13 : 12,14
3,7 : 7
2,7,10,15,21 : 12,22
2,3,4,17,19,20,24,44,47,49,54 : 27,28,43,45
6,12,13 : 13
20,31,33,35,36,42,49,52,57,58 : 2,4,23,37,42
12,14,18 : 15
8,11,17 : 1
5,13,16,21 : 1,7
0,4,6 : 3
16,18,19,24,37,39,40 : 17,28
0,3 : 2
3,4,15,24 : 0,1
1,4 : 5
2,4,12 : 7
1,5,9 : 2
0,5,14,17 : 11
1,7,16,19,20 : 5,8,14
2,5,9 : 7,10
2,3,8,19 : 3,7
3,9 : 1
4,10,13,14 : 2
5,7,14,22,25 : 5,17
0,11,13,14,20,21,27,49 : 19,24,30
11,14,17,21 : 5,15
1,3 : 5
0,11,14,20,23 : 4,6
1,2,4,15,21,24 : 8,25
3,6,16,18,30 : 0,18,25
6,19,24,26,28 : 9,19
2,6,8,15 : 6,10
5,12 : 1
2,3,4,5 : 14
5,14,16,18,20 : 6,12,14
9,14,24,26,28,34,35,42 : 17,18,23
12,23,24,25,33,40,45,52,54 : 2,41,44
6,10,12 : 5
0,1,7,15 : 10
8,9 : 0
0,11,13,18 : 1
3,6,9 : 5
0,2,5,14,26,28 : 2,21,24
0,4,6 : 7
7,16,21,29,31,37,38,44,49 : 16,24,38,41
4,5,18,19 : 7
3,9 : 1,9
0,5,7,8,13,34 : 1,26,27
7,10,15,22,33,41,50,55,56,59 : 1,16,27,45
0,3,11,24 : 2,14
7,12,26,32,34,35,43,47,48 : 4,17,19,25
3,6 : 5
1,8,10,12,15 : 7,11
0,4,18,23,30 : 1,25
2,13,14 : 5
8,16,17,26,34,35 : 1,3,7,12
1,3,6,22,26 : 7,20
13,14,16,23 : 9,16
4,5,20,22 : 13
0,2,13,18,32 : 6,24
1,4 : 3
1,5,8 : 1,9
1,13,15,19,22,26 : 5,22
5,11,19,21 : 6,12
7,10 : 7
9,12 : 6
8,18,19,20,21,31,48,49,50 : 24,26,37
10,13,14,15,32,35,38 : 1,2,16
2,8 : 3
6,13,14 : 2,4
5,8 : 4
3,5,18,22 : 5,7
9,10,16,29,34,38,49,53,58,62,63 : 1,43,46,51
2,6,21,22 : 13,14
11,15,16 : 8
6,10,14,15,29 : 22,24
5,9,15 : 2,14
6,8,10,16 : 4,10
7,10,17,20,23 : 6,16
1,2 : 0
3,13 : 4
2,5 : 2
4,5,6,14,16 : 5,18
1,6 : 1
8,12,15,16,18,30,31 : 5,12,24
2,10,18,21 : 0,1
11,13,16,20,22,23,30,31,48 : 24,29,32
4,11,12,15,23 : 6,12,18
5,11,14,17 : 8,16
12,15,19,24,26 : 5,19
0,9,13,15 : 15
12,17,19,20,24,31 : 15,25,26
0,9,17,20,25 : 0,2,10
0,12,14,15 : 11
2,19,20,24,27,32 : 3,5
2,23,25,26,27,32,39,50,57,58 : 26,33,34,39
1,14,19,20,29,33 : 1,5,7
4,8,16,17,23,27 : 18,23
14,22,24,34,38,43,44,46 : 2,19,31
4,16,18,21 : 12,20
3,6 : 5
6,11,16,17 : 14
3,7,10,13 : 12,13
3,5 : 6
0,2,7,10,14,25 : 11,23
0,6,10,16,26,28 : 1,13,20
2,12,17,21,22,30 : 3,14,19
0,4,12,14,17,24 : 6,7,21
1,9,12 : 11
4,13,14,20,26,29 : 8,19
2,4,19,35,38,39,44,50,55 : 18,29,32,35,39
6,8,12 : 2
5,9 : 3
0,11 : 6
11,15,23,26,31 : 2,12
8,12,13 : 8
2,9 : 2
7,8 : 5
3,5,11 : 4
1,6 : 5
1,3,7,9,20,37,39 : 5,12,23
2,4 : 4
3,6,14,25,32,37,42 : 0,7,32
2,4,12,16,32,37,39 : 9,27,29
1,3,8,13 : 5,13
4,6,17 : 11
1,6,11 : 0
12,13,14,17 : 0,12,15
13,17,19,20,31,37,43,47,49,54,60,62 : 23,33,34,36,42
2,13,15 : 9
3,4 : 8
0,14,16 : 5
6,8 : 4
8,10 : 0
8,13,17,22,25,34,35,47,56,58,59 : 23,24,28,34,42
3,10,15,17,31,33 : 13,19
2,3,17,31,32,38,41,42 : 0,13,18,31
8,11 : 2
1,13,14 : 8
4,7,8,10 : 11,15
9,13,14 : 8,10
0,3 : 4
3,13,14,17,21,29,32,56,61,66,68,70,71,74,86,96 : 0,36,39,52,57,60,83
8,17,21,24 : 9,13
14,25,32,34,36,37 : 14,30
2,21,25,38,39,41,46,51,54 : 1,7,15,26,27
4,7,14,18 : 0,3
4,6,15 : 9
3,16,20,21 : 5,8
3,6,7,13 : 15
0,6 : 6
0,9,19,23,26 : 6,19,21
2,7 : 10
4,8,20,21,25 : 12,20
0,3,18,20 : 3
1,7 : 6,10
0,1,3 : 1,13
5,10,12,24,34,35,39,47,55,56,60,65 : 0,12,20,24,34
7,12,14 : 2
2,5,20,22,27 : 5
3,7 : 5
3,12,21,24 : 2,15
6,9,19,21,30,33,38,48 : 16,19,23,36
10,11,19 : 13
6,7,13 : 2
3,4,11,20 : 0
5,9,20,22 : 2,6
5,11,15,19,20,32 : 10,21,31
1,10 : 7
6,7 : 7
18,28,31,33,36,42,49,50,52 : 2,12,41
5,10 : 1
1,3,17 : 5
5,11,16,21,24 : 6,8
2,5,9,12,18 : 4,9
1,4 : 9
12,15,18,19,29 : 17,23
1,2,7 : 5
1,12,13,22,31,34 : 4,9,28
0,2,3,6,25,29 : 3,22
2,6 : 3
1,6,14,22 : 13
2,9 : 11
0,2,10 : 2,4
0,7,9 : 11
2,6,13,16 : 3,8
4,5,7,14,22,31 : 8,12
1,16,17,19,32 : 2,23
8,12,17,24,25,30 : 0,23
2,6,7,17,19,33,37,43,48,57 : 5,30,35,38,40
1,4 : 3
5,11,18 : 0
2,3,13,20,23 : 0,1
4,9,11,17,25,26 : 20,25,32
3,9,16 : 7,11
1,3,15 : 6
1,5,7 : 9
1,12,17,20 : 11
3,10,14,32,34,35,38,49,53 : 21,27,39
5,7 : 6
6,9,14 : 6
3,8 : 6
2,7,13,20 : 6,17
3,10,12,17 : 6
11,21,23,29,32,33,40 : 6,11,26,32
8,9 : 2
8,15,20,21,27,30 : 5,12
10,12,13,14,25 : 7,9
8,9,17,20,27 : 8,17
1,9,17,18 : 4,8
8,9 : 0
10,18,22,24,27,30 : 7,16
8,11,18,19,21 : 0,23
4,6 : 3
1,9 : 4
2,4,8,13 : 1
3,9,12 : 6,7
1,8,14,17,19,26,27,39,43,55 : 0,9,24,36,37
10,13,15,17,34,35,41,50,52,53,63 : 10,13,23,34,48
4,8,12 : 10
0,8,12 : 5
2,12,20,21,30,35,37 : 8,20,23
4,8 : 0
6,9,24,25,34,37 : 10,16
5,6,9 : 2,4
6,21,22,23,24,32,41 : 14,29,35
5,9,10,19 : 5,16
13,15,16,20,33,36 : 1,24,28
4,9,15,25,36,44,50,62,67,69,72,73 : 15,31,49,57,59
6,8,12,21,30,31 : 12,14
0,2,3,13,21 : 13
1,4,10,16 : 5,10
7,12 : 5
2,13,15,20,23,31,36 : 11,14,25
2,13,16,17 : 14
7,19,21,32,33,34,36 : 19,31
3,7,12 : 0,4
1,2 : 6
1,9,17,20,26 : 4,20
6,9 : 6
0,6,10,14,19,29 : 2,6
5,9,10 : 11
2,11,16,26,28,32,35,44,47 : 1,36,44,48
0,8 : 3
12,13,21,25 : 14,18
6,9,12,15,16 : 13,21
1,2,8,13,16,18,30 : 4,16
4,6,12 : 0,8
2,6,10,16,33,36 : 13,20,25
4,7,14,23,32 : 19,22
0,5,7,18,33,42,47,48,49 : 0,24,40,44
2,6,7,15,16,28 : 3,12
7,10,13,14,19,32,34,35,38,54 : 5,44,50
9,13,21,29,35,37,39,46 : 10,12,25,41
6,8 : 6
3,13,14,21,28 : 15,17
8,15,20,22 : 2,8
1,2 : 0
0,1 : 1
5,8,10,13 : 1,7
4,9,22,24,25 : 7,19
4,6,17 : 12,16
9,10,17,22,24 : 15
2,3,4,15 : 4
0,3,10 : 7,11
5,9,13 : 4
10,11 : 6
2,6 : 5
2,14,15 : 11
8,22,23,28,33,41,45,47 : 0,22,41
3,10 : 0
1,3 : 1
3,7,23,24 : 6,16
0,7 : 4
11,12 : 1
1,4,12,21 : 14
2,17,18,24,26,28 : 8,17
9,12,15,17,26 : 5,7,17
13,18,23,28,32,34,39,42 : 1,8,23
4,9,17 : 9
3,12,15,16 : 0,5
2,11,13 : 9
2,13,20,24,27 : 14,15,21
3,6 : 7
1,2,11,17,19,26,36 : 6,11,23
0,4 : 0
0,13,18,25,27,33,37,39 : 2,14,26
1,6,16 : 4,8
0,5,15 : 12
2,8,9,12,19,30 : 8,12,19
1,2,20 : 0,4
3,19,21,24,27,28 : 3,26
1,7 : 7
4,5 : 2
4,8,13 : 9
4,14,15,16 : 6,16
9,14,16 : 6,7
3,11,23,24 : 9
9,11 : 4
2,10,11 : 1,12
7,8,27,29,31,55,56,58,60,61,62 : 13,15,23,47
3,6,11 : 8
0,3 : 7
11,12,14 : 11
4,5,11 : 7,9
5,7 : 7
0,5,7 : 4
3,9,17,21,23,30,33,42,45 : 2,18,20,28
2,4,11,17 : 2,10
0,9 : 6
9,18,23,27,29,34 : 6,23
7,10,20 : 7,13
1,2,3,21,28,32,36 : 12,18,31
0,14,15,22 : 4,10
0,8,18,27,29,37,42,45 : 9,31
1,10 : 6
1,4,8,16,26,31,37 : 0,1,16
6,11 : 0
10,13,25,32,34,36,43,50,52 : 1,28,40
8,9,11 : 8
1,6 : 2
4,11,13 : 3
4,7,11 : 1
15,25,28,33,38,39,41,46 : 2,39,43
4,11,15 : 3,4
5,7,11,23,27,32 : 5,12,31
7,9,14 : 3
0,9,13,17 : 7
0,1,3,7,28,29 : 0,10
2,7,12,30,35,37,39,53,54 : 8,15,37,43
8,13,15,17 : 15
0,5,15,16,22 : 7,16
2,5,9 : 7
3,12,17,28,29 : 1,13
2,3,14,27,33,34,40,45 : 14,17,33,36
0,2,3 : 6
3,15,17,19,23 : 9,12
8,19,20,25 : 3,11
7,10,12 : 4,7
5,8,10,13,14 : 12,19
2,9 : 0
14,28,36,38,49,62,63,67,70,77,78,82,90,94,95 : 19,28,38,41,43,47,58
4,5,17 : 13
4,5 : 5
1,7 : 6
7,10,14,26,36,37,39 : 7,23
7,16,17,19 : 2,15
4,13,14,26,29 : 7,14
15,19,24,25 : 8,10
6,7,10,11,19,31,34,36 : 5,18
2,5,12,21,27 : 4,12
1,5,13 : 11
2,4,14,26,27 : 5,21
4,13,22,23 : 5
1,14,19,24,31,34,36,41,47 : 0,2,38
1,9,12 : 3,7
0,6 : 4
6,7,8,11,15,21,31 : 0,21,27
11,12,14 : 4
1,6,22,23,24,37,40 : 28,30
0,3 : 6
0,3,8 : 1
0,5,11,12,21 : 10,11
6,8,12 : 6
0,16,20,22,25,28,35,39,41,55 : 0,5,15,29
4,5,15,20 : 2,8,14
8,10 : 9
3,12,22,24 : 11,16
0,9 : 2
5,9,12 : 5
0,9 : 6
1,3,12 : 1
1,4 : 0
1,7 : 10
0,8,11,15 : 3,18
8,15,17 : 11,13
19,27,29,30,36,37,39,46 : 4,15,41
3,14,16 : 7,11
3,8,13 : 1
0,10 : 3
8,12,14 : 4
2,5,6,15,21,41,54,55,56,60,61,74,75 : 14,29,46,52,57
9,11,15,17,19 : 22,23
4,5,9,11,34,35 : 8,9
0,2,11 : 2
1,4,16 : 13
12,20,22,24,25,32 : 18,22,25
0,6 : 6
25,27,29,33,34,35,36,44 : 5,21,39
3,10 : 3
6,8,12,13 : 6,15
2,4 : 5
1,5,11,12 : 4,15
0,19,35,38,42,48,49,51,55,65,68 : 2,41,47,55
3,9,16 : 0,11
4,5 : 2
4,9 : 4
3,8 : 6
6,7,12,17 : 2,13
10,12,14,15,17 : 4,7
3,18,19,31,36,37,38,49 : 11,17,33
6,12 : 6,9
3,10 : 3
3,7,12,13 : 1,14
6,7,9 : 1
4,7 : 7
11,12,13 : 2
15,18,21,28,31,36,37 : 3,6,16,34
1,10 : 1
2,4,11 : 7
0,8,21,24,25,33 : 5,23,26
0,6,9,12,19,20,32,42 : 1,7,18
2,9,13 : 6,12
2,10,13 : 8
7,10 : 11
0,3,8 : 7,13
2,11,16,20,25 : 17,25
1,2,15,19,29,33 : 19,24
1,6 : 7
0,3 : 4
16,24,25,31,40,41,44,48,51,53 : 15,26,43,45
7,10,17,20,22,23,25,31,43 : 13,36,42
1,5,14 : 2,9
2,6 : 7
2,9,10,12 : 16,19
5,13,24,31,32,34 : 9,15,22
5,11,16,17 : 6
2,4,8,16,22,26,36,41,43,58,64 : 2,11,39,41,54
3,4,13,19 : 3,14
0,7,13,17 : 9,10
9,10,11,19 : 11
6,11,12 : 6
17,21,23,27,28,48,51,53,54,58 : 6,9,34,35,36
0,7 : 6
6,7,10,23 : 2,17
1,14,15 : 3
2,4,11,19 : 3
1,3,14 : 1
3,7,9,10,14,18,38,46 : 0,1,14,40
1,3,5,13,20 : 0,4
3,5,22,25,26 : 5,17
5,6,7,21 : 4,14
3,8,17 : 8,9
2,7,16,22,26,36,46,51,53 : 16,29,33,40
8,11 : 6
1,5,8,9 : 14
0,3 : 0
1,3,4,19 : 1,14
3,7,8,19 : 0,3
1,8,21,29,40,44,45,47 : 3,19,34
1,4,8,14 : 0
10,15,28,29,33,34,39,48,50,60 : 13,25,28,37
5,11 : 1,4
5,9,19,20 : 14
4,6 : 5
9,11,13 : 2
6,7,8,19,27,35,38,43 : 8,29
4,11 : 0,5
4,10 : 0
1,2,5,17 : 6,13
3,4,5,17 : 6,9
4,14,22,23 : 11
0,1,20,26,29,33,38 : 11,20,21,25
6,8 : 6
5,20,22,33,34,39,41,49,52,55,59 : 11,14,35,39,47
5,6,13,15,18 : 5,17
5,13,22,24,25 : 6
4,9,10,12,13,30,36,37,43,63,64 : 9,14,22,33,35
3,7 : 3
3,8 : 1
0,9,11,21 : 19
5,12,14 : 0,5
1,11 : 3
0,13,15,25 : 10,15
6,7,8,9,14,26,28,46 : 20,33,35
1,8,10,19 : 9,17
11,16,19,20 : 14
1,14,20,21,27 : 8,13
3,5,14,17,18,35,37 : 8,27,29
1,7 : 1
3,4 : 6
1,8,18,24,36,37,41 : 10,17,22
6,9,20,21,28,42,47,50,57,60,65 : 15,19,28,39
0,10,14 : 12
2,5,12 : 6
0,1,15,23 : 3,5
17,19,21,26,27 : 10,13,19
0,8,18 : 11
13,14,16,22,26,27,28,37 : 0,7,28
0,1,9,13,21,28,38 : 2,31
0,3 : 4,5
3,6,10,11,23,26,38 : 4,6,22
5,8 : 7
7,10,12,15 : 1
2,8,12,17,23,38,40,45,48,51 : 5,9,31,40
1,7,14,23,26 : 0,1,24
3,4 : 8
7,12,13,21,33,36,45,49,50 : 7,14,18
4,7 : 4
0,13,15,17 : 16,19
5,7,12 : 2
4,11,18,20,30,32 : 6,21
5,12,13 : 5,8
6,9,11 : 8,11
6,11,15 : 9
1,7,10 : 8
8,18,19,22,25 : 14,27
0,3,12,16,21 : 9,10
0,1,13,21,26,29,38,40,46,48,50 : 18,27,36,48,49,53
1,11,19,21,28 : 12,20
3,5,12,13,16,31 : 14,21
8,9,14,21 : 1,5
10,11,17,18,21 : 6,19
6,14,26,27,28,30 : 10,16
8,9,14,18,22 : 7,21
2,13 : 4
6,8,12 : 5
9,11,21,28,36,37,44,50,58,62,65 : 2,6,24,54
5,9,18,21 : 2,14
10,22,23,24,29 : 9,12
4,12,23,28,29 : 5,7,8
4,7,11 : 13
6,8,13 : 1
7,8,13 : 9,10
6,11 : 9
1,4,9,11,13 : 20,21
0,11,12,16 : 0,8
0,1,17,34,37,38 : 1,12,19
7,12,23,25,30,35 : 8,14,29
3,9,19,21,27 : 4,24
6,8,11 : 13
4,11,15 : 2,11
7,9,19 : 3,15
0,7,13,16,22 : 7,15
8,16,19 : 10
1,2,14,21,26 : 6,21
5,8,12,18 : 13
1,7,14 : 9
5,6,7,16,27,32,39,44 : 7,11,16,35
6,12,17,18 : 11,13
0,8,19,34,38,40,45,49,53,54 : 2,3,30,38
1,4,15,19,20 : 1,22
1,2,3,6,11 : 16,19,20
4,6 : 6
5,6 : 1
0,13,17,20 : 11
18,25,34,35,37,38,41,43,48 : 1,14,18,28,41
0,5 : 8
0,8,9 : 5
10,11,13,21 : 2,3
3,11 : 6
5,12,19,20,22 : 19
11,16,17 : 1
20,21,26,27,41,49,58,60,63,64,65,71 : 17,19,21,24,33,41
0,11,12,16 : 7,14
1,4,8,9,20,21,22 : 0,25,27
0,4 : 0
2,6,10 : 9,11
3,5,15 : 0
6,9 : 7
0,12,17 : 1
0,14,17 : 10
5,10,12 : 6
3,12,17 : 7
4,8,11,13,16 : 0,9,15
12,13 : 1
3,5,6 : 12
5,8 : 3
2,16,17 : 12
16,19,20,21,24 : 14,15
6,13,17,23 : 8,9
12,14,17 : 14
1,3,7,30,31,40,59,60,62,65,66 : 1,7,32,39,54
7,8,15 : 14
0,5,7 : 2
0,4 : 0
6,8,15,25,28,29 : 10,13,24,30
8,10 : 7
1,3,6 : 5
5,9,16 : 5,8
5,9,14 : 9
4,5,9 : 7,9
5,10,11,13,16 : 4,22
2,8 : 8
3,6,13,26,28,31,42,49,55,61,63 : 13,27,32,34
3,9,12,14,24 : 1,18
4,8,15,17,20 : 12
0,14,17,20 : 1
2,7,10 : 1
3,7 : 0
15,28,29,30,32,34 : 19,26,29
5,7,8 : 10
4,26,30,31,32,34,39 : 5,25,32
1,5,13 : 5
5,12 : 5
16,21,22,23,26,32,39,48 : 0,9,29
5,6,7 : 7
4,7,14 : 7
3,11 : 0,2
5,9,17 : 6,15
5,9 : 4
4,6,15,18 : 8
12,13,22,31,33,37,41,42 : 2,14,16
5,7,10,14 : 6
4,8,11,15,21 : 18,21
5,8,13,18,23,34 : 9,18,20
8,29,34,37,42,43,48,50,52 : 0,2,22,40
7,8,10,21 : 17
4,12,19 : 6
2,3,5,13,31,35 : 20,24,28,30
1,4 : 3
8,10 : 6
1,14,15,20,28,34 : 2,5,27
0,13,17 : 12,15
5,15,16,20,24,28 : 1,18
4,9 : 6
2,4,7,12,31,33,37,47 : 4,17,22,35
3,5,11 : 4
2,4 : 9
1,3,13,26,32,33 : 0,25
5,6,16 : 9
4,5,11 : 0
5,12 : 0
14,19,23,24,26,29 : 14,16,27
3,5 : 7
6,12,27,38,40,47,54,56,60,64 : 8,11,20,51
3,4,11 : 7,11
6,9,14,17,21,22 : 2,23,31
1,3 : 6
3,4,5,22 : 6
6,8,10 : 1,12
1,5,16,21 : 1,9
1,3,8,10,15,42,45,47,48 : 2,9,24,36
1,16,19,20,30,33 : 19,27
3,6,8,12,16,17,21,27,45 : 7,14,25,36
0,4,11 : 11
2,4,6 : 1
8,10,13 : 11,12
7,11,16 : 2,4
2,11,14 : 7
1,2,18,19,21 : 4,19
10,16,18 : 4,10
0,4,6,13 : 2,5
4,14,19,20,30 : 3,7
1,8 : 0
2,8,9,19,25 : 9
0,4,9,13,15,23 : 0,11,20
5,6,10 : 11
0,7 : 6
0,6 : 0
4,9,24,27,29,31 : 0,24
8,9,17,20,21 : 14,21
0,2,10,16,17 : 11,13
4,5,18 : 12
1,9 : 2,6
8,10 : 2
1,2,11,18 : 2,10
4,10 : 6
1,4,7,9,21,22,30,38,47,56 : 11,17,49
5,7,16 : 10,11
0,3,6,14,20 : 22,24
5,12 : 2
5,11 : 0
6,10,16 : 2,16
2,8,17 : 15
7,10 : 0
0,1,4 : 0,11
4,7,10 : 9
1,3,10,14,25,33 : 6,22,24
0,1,2 : 4
2,4,7,8,16,19,23,39 : 1,2,13,17,32
13,14,16,21,24 : 2,10
8,15,16 : 7
0,6,7,8,19,26 : 15,17
4,5,6,10 : 16
8,11,15 : 3,11
3,6,8,21 : 11,15
2,7 : 3
0,3 : 2
1,5,9 : 9
0,6,15,17,23 : 10,16
0,5,7,13,15,25,35,44 : 3,22,31,38
5,8 : 7
18,21,25,28,29,30,32,40 : 1,5,11
6,8,16,17,21,26,40,42 : 11,26,28
3,4,12,25,28,35 : 2,21,22
14,19,21,22,25 : 5,6,17
0,1,10 : 1
2,7,12 : 2
1,5,8 : 10
6,15,17 : 2,4
9,11 : 5
12,15,17,19,29,31,36,37,43,51,58,68 : 4,13,26,31,57
2,6 : 5
8,10,18,20 : 9,13
10,13,15,23 : 2,4
9,10 : 6
6,7,10 : 7
4,11,15,19 : 14,16
1,2,5 : 3
1,5 : 7
3,6,12 : 6
1,11,12 : 12
10,18,22,30,32,35,37,44 : 19,31
0,13,16 : 2,6
1,3,7,13,29,30,36,41 : 8,12,36
2,8,11,17,23,32,38,46 : 28,30,40
9,12,13 : 11
1,19,20,21 : 1,5
5,10 : 9
7,9,11,20,25 : 19,23
1,4 : 0
0,6,14,15,17,20,33,42 : 0,26
3,7,9 : 6,14
6,7,13,23,30,31 : 3,25
1,7,11,18,19 : 14,16
6,7,13,25,29,30,37,44,50 : 1,34,44
0,1,3 : 12
5,6 : 3,9
0,3,29,31,33 : 3,15,26
1,4,11,12,27 : 7,21
8,11,20,24,30,36,40,47 : 22,33
0,1,6 : 5,13
1,4,5,24,31 : 15,26
1,5,7,9,11,12 : 2,21
9,12,15,16,27,37 : 14,19
2,5,8 : 6
9,20,24,25 : 11
2,5 : 10
2,3,17,19,22 : 5,12
2,8,9 : 7
9,10,13 : 12
6,9,16,28,29 : 16,18,21
4,13,18 : 9
9,13,15,16,27,31,39,53,54,57,58 : 5,19,22,52
2,4,15 : 3
2,14,20,30,31,33 : 7,20
3,8,14,17,21,38,42,49,52 : 17,22,28,44
6,8,11 : 11
3,4 : 7
5,10 : 4
7,10,18,22,25,26 : 0,27
2,8,14 : 0,5
4,14,27,29,35,41,48,49,53,57,58 : 1,17,23,29,32
13,16,17,21,29,38,43,45,55 : 8,29,34,45
0,2,19,21,23 : 9,17,21
3,7,9,15,24 : 0,7
0,8,16,19 : 5
4,5,7,32,45,47,48,49,55 : 1,6,29
1,6,12 : 6,13
13,15,17 : 12,17
0,5,9,15 : 8,16
4,9,17,21 : 7,13
2,7,16,30,33,35,54,55,57,58 : 4,5,18
6,14,17 : 10
5,7,15,18,20 : 2,8,10
4,7,11,15,17 : 1,3
0,14,22,24 : 13,15
10,11,18,19,22,23,37,41 : 4,27,34
1,4,5,20,25,37,39,44 : 2,6,18
10,12,16 : 10,11
0,10 : 6
6,9 : 4
6,13,14 : 3
2,12,16,19,32,39,41,44,45,47,50,63,75,88,93,94,96 : 0,12,27,66,68,73,84
5,9,13,20 : 16,18
1,5,9 : 15
6,9,11,21,24 : 5,15,20
0,1,22,25 : 3,5
1,6,12 : 10
0,12,14 : 11
6,11 : 2
4,7,16,26,29,36,38,44 : 15,20,36
7,11,12 : 10,12
1,2 : 8
3,10,13,21,22,33 : 6,15,16
18,19,20,26,30,31,37 : 1,8,33
0,3,5,7,11,22 : 4,15,23
12,16,21,24 : 9,15
2,11,14,16 : 4,9
4,7,15,19,20,33,35,40 : 1,14,32
2,6,16,21 : 2,13
0,1,16,27,29,33,36,40,56 : 19,23,35,42
9,13 : 3
4,8,9,11,21,22 : 10,24
0,7,12,21 : 8,17
2,6 : 5
1,6,7,22 : 0,7
7,9,12 : 2
0,3,4,12,13 : 4,10
11,13,18 : 0
4,9,27,29,33,36,41 : 12,26,36
7,12,15 : 2,15
5,6 : 6
3,5 : 4
7,9 : 3
0,3,9,20,22 : 5,9
2,6 : 1
5,11,14,17,21,24 : 17,23
5,13,16 : 9,11
2,3 : 3
5,18,20,21,26,33,39 : 5,33,35
3,5,14 : 10
1,5 : 6
4,7,15,23,28,32 : 15,22
1,8,10,18,23 : 11,15,25
1,10,24,25,26,32 : 5,7,23
1,4 : 6
8,9,12,14,23,30 : 5,10
0,7,9 : 3,12
3,7,14 : 12
9,10,17,21,31,40,48,49,50 : 4,29,31
7,19,22,29,32,34 : 3,10
5,19,20,27,37,40,42,47 : 14,25,39
1,8 : 3
0,1,12,28,29 : 2,23
4,6 : 4
4,5,8 : 3
2,8,9,23,28 : 6
5,15,17 : 5,9
15,16,23,24,25,28 : 5,19
1,3,6,16,22,23,24,26 : 15,17,19
2,8,13,14 : 10
0,12,13,21,29,36,37 : 2,13,23
3,6,15 : 5,11
7,8,14 : 8
10,13,18,19,23 : 14,15
8,11 : 1
6,11 : 2
0,2 : 6
16,19,21,23,24,33,37,42,49 : 3,9,17,45
4,8,12,14,19,27,31 : 11,13,24
5,8,10,15 : 9
5,16,18 : 9
1,2,8,12 : 2,6
0,3,9,11,14,27 : 8,11
5,11,12,17,24,33,36 : 3,27,32
0,9 : 3
3,10,12 : 5
0,7,14,20 : 1
0,5,12,14,21 : 0,12,16
15,16,17,18,23,31 : 20,28
0,11 : 6
1,6,16 : 11
2,4,13,17,21 : 9
3,4,10,21,22,31 : 1,2,11
2,5 : 3
2,9,11,20,24 : 7,11
0,4,6 : 1,9
2,3,8 : 3
0,2,3,12,15,22,31,38 : 10,25,31
1,4,6,7 : 1,5
11,18,23,25 : 12,16
0,4,8,13 : 5,17
1,8,10,11,24,29,30,46 : 22,28
6,9,14,15,19 : 12,23
2,8,9 : 8
8,9 : 7
4,6,8,13,20 : 13,22
0,2,15 : 1
3,11,12,27,29 : 14,15
2,4,20,27,30,33,35 : 3,11,15
5,6,8,22,25,36,40 : 12,14,24
10,11,13,18 : 5,14
0,5,8 : 5
6,16,18,20 : 2,6
1,15,19,20 : 8,12
0,3,13 : 9
7,12,14,18 : 6
1,2 : 7
0,5,10,14,20 : 6
14,15,17,18 : 2,3,12
1,2,11,24,26 : 8,9
2,6 : 7
0,1,11,18,24,32 : 2,8
5,6,7 : 9
2,9,13 : 9
0,5,15,29,34,42,43,44 : 13,15,23,25
0,8,29,30,31,36,37,42,47 : 8,25,35,36
4,11,15 : 10
0,8,9,10,27,31 : 2,14,17
4,9,12 : 10
0,7,14 : 9
3,5,7,9,19,29 : 10,22
1,2,13 : 6
0,13,14 : 5
0,3,12,17,32,35,38 : 24,26,32
8,11 : 5
2,12,15 : 11
1,2,13 : 2
0,10,16 : 9
8,13,14 : 9
3,4,6,18,28,37,46,47,49,53,59,72,74,84,89 : 19,24,37,56,65,70,72
4,11 : 4
0,6 : 0
6,7 : 9
6,8,14,16 : 1
1,3,13 : 1,11
12,15,19,24,29 : 4,22
4,10,13,15 : 14
5,10,18,19,36,38 : 13,29,30
0,2,3,14,27,28,41,43,45 : 13,23,30
1,5,14,17,24,26,27,28,30,33,63,64,69 : 11,26,27,28,32,40
7,9 : 7
1,2,6 : 5,6
8,10,17,18,33,37,39 : 10,24,36
2,4,19,25,32,33,36,39,45 : 6,11,21,30
1,2,16 : 10
7,10,16,18,24,27,34,39,41,49,52 : 16,19,42,45,49
3,6,10 : 4,10
3,4,15,23,28 : 16,17
6,10,26,28,29,38,40,42 : 11,14,37
5,7,11 : 5
2,5 : 7
1,3,7,10,12,17,19,21 : 10,21,28
2,4 : 4
2,5,17,22 : 15,16
4,8,17 : 4,14
0,3,14 : 6,9
2,3,9,26,27 : 7,15
3,6,12,13 : 9,11
2,12,15,18 : 9,15
1,3,14 : 9
2,10,17 : 0
4,10,20,21 : 7,15,17
3,4,16,18 : 7,11
1,6,13,17,26,30 : 5,25
3,4,5,8 : 1,7
3,4,7,10,16,23,41 : 3,28
5,12,14,16,21 : 11,20,25
0,5,6,9 : 5,9
0,13,14 : 7,9
4,7 : 9
3,5,9,10,12,13,30,39 : 4,19
3,12,17,18,32 : 8,15,23
1,15,18,26,27,30,36,38 : 11,21,27
9,19,23,25,28,32,35 : 0,20,30
2,3,6 : 5,9
10,11 : 0
6,9,14 : 9
2,11,12 : 8
7,8,17,20,26 : 5,22
2,7 : 1
1,2,20,24,33,35,39,42,48,62,64 : 0,4,30,37
2,11,16,25,29 : 10,11,19
4,7 : 4
0,2,7 : 3
0,3,14 : 5
11,18,19,20 : 5,13
0,5 : 1
3,4,9 : 6
2,3,12,17,28 : 0,4
0,6,8 : 5
0,11,14,15,26 : 12,14
8,10,18,20 : 1,7
0,10,17,20,22,26,41,43 : 10,27,31
1,9,14 : 3,7
1,4 : 8
2,5,23,27,28,30 : 0,4
2,7,11 : 7
7,12 : 6
0,1,7,9,22,35,39,44,49,57,61 : 0,3,5,13,35
5,12 : 0
1,2,8,24 : 0,17
4,6,9,18 : 5
0,1,7,21,22,28,30,40,50,55 : 3,11,17,18
2,3,15 : 7,10
4,10,16 : 10
9,13,15,24,30 : 14,21
3,5,13 : 7
6,10,15,22,29 : 10,20
1,11,12,22 : 3
10,15,17,18 : 1,4
5,8,12,15,36,39,42,46 : 15,26,30,37
0,1,10,20,21,25,26,38,57 : 6,10,16,31
4,15,31,37,39,40,41,46 : 24,33,35,39
1,13,21,24,27 : 3,12
0,10 : 3
0,12 : 3
1,2,15,17,26,28 : 15,26
10,16,17,20 : 2,9
5,14,18,23,24,32,36,44,46 : 6,9,10,35
11,13,14,20 : 3
5,13,27,37,39,43,45,48 : 0,6,28
0,3,9,15,19,22,36,48 : 8,22,23,28
2,3,10 : 9
12,14,15,21,26 : 11,25
2,5,6 : 5
0,8,12,22,24,30,34,39,48 : 5,25,27,47
2,4,6,23,28 : 8,21
3,6,12 : 5
3,4 : 5
5,11 : 1
0,2,4,7 : 14
2,5,9,11 : 4,9
6,8 : 5
4,8,18,27,29,35,37,47,50 : 4,17,24,32
1,8,14,16,27,33,42 : 0,19,22
2,3,7,12,18 : 0
2,4,6 : 9
1,8,12,23,25,27,31,40 : 14,15,18,42
2,5,10,16,17,23,27,29,37,39 : 1,7,13,20
1,3,5,10,29 : 0,6,12
11,12,21,22,23 : 4,13
3,7,18,23 : 0,3
1,4,15,16,21,28,32,38 : 23,26,39
3,4,15 : 9,12
4,8,13 : 3,13
0,10,20,23,24 : 4,15
4,9 : 3
10,14,15,18,28 : 1,14
2,4,8,22,24 : 12,13
5,11,18,21,22 : 13,15
8,28,32,37,40,46,48,50,57,58 : 10,13,39,41
4,9,15 : 8,16
0,6,10 : 4
18,29,32,33,37,39,40 : 15,20,23
3,5,12 : 6,11
4,7,10,21,24 : 6,21
0,5 : 3
11,12,13,27,28 : 8,18
6,9,11 : 1
9,11 : 4,9
4,11,17,23,24,31,33 : 2,6,21
8,17,22,28,29,34 : 0,8,20
9,12,16 : 6
6,10,15,21,26,37,41,46,55 : 6,12,43,44
1,13,14 : 0,4
8,13 : 8
0,9 : 4
1,4,9 : 4,13
6,8,18,26,37,42,44,46 : 2,6,28
4,6,7,29,34,35 : 0,23
2,7,19,20,25 : 10,22
1,2,8,15,23 : 14,17
5,11,15,26,27 : 21,22
0,7,11 : 0,10
5,6,10 : 3
0,3,10,23,26,30,32 : 7,8,16
4,8 : 5
12,19,20,21 : 3
10,13,15 : 0,8
19,27,29,31,32,35,36,46 : 6,11,21
0,1,12,18,22 : 3,21
1,14,20,24,28,41,47,57,60,68,70,71 : 12,14,16,45,48
1,2,3 : 1
9,16,18,19 : 12,15
0,3,5,8,17,31,38,39,43,60,68,73,78 : 5,10,13,17,41,44
9,10 : 8
2,7,15,18,24,31,34,42 : 4,23,25
2,4,7,21,27,32 : 20,22
2,7 : 7
8,11 : 6,8
2,11,17,18 : 5,16
4,8,14,18,19,21 : 0,9,17
1,8,9,20,21,27,34,50,51 : 7,12,36
6,10,16,19,20,32 : 7,15,21
10,13,14,18,21,22,23,28,46 : 6,22,28,29
9,14,17,28,33,36,41,43 : 2,6,8
2,9,12 : 3,11
2,10 : 5
0,2 : 5
1,10 : 1
0,11,15 : 2
1,5,11,15 : 4,8
5,6,7,11,17,20,30,44,47 : 16,20,27
3,5 : 4
0,2,8,16,17 : 0,21
4,7 : 2
9,12,20,27,28 : 21,24
3,5,8,12 : 6
1,7,16,19,23,28 : 3,6
7,17,22,24,28,33 : 4,18,20
8,10 : 6
8,14,16,18,19 : 0,8
7,10 : 10
1,11,12 : 3
1,11,13,18 : 11
7,11,15,19,26 : 8,22
0,8 : 4
3,4,15,20 : 5,6
4,10 : 2
2,5,10,14,22 : 0,15
2,13,23,27,29,34 : 9,14
4,9,22,24,26,34,42,44,49,64,67 : 1,5,10,36,56
3,9,13 : 2
2,5,7 : 6
3,11,15 : 7
1,6,12 : 7
3,7,11 : 8,13
0,2,5,9,20 : 3,14,25
0,9,11,14 : 6,15
3,5,8,16,21,24,32,42 : 6,11,23
3,9,11 : 0
2,4,6,16,18,29 : 2,10,14
1,2,4 : 1
0,9 : 1
2,15,16,18 : 8,10
2,5,12 : 3,11
8,11 : 9
4,11,13 : 1
5,13,16,19,28,30,32,34,55 : 1,10,17,37
5,8,18,19,21,23 : 6,17
3,11,14 : 3,11
0,3,5,10,18,26,32,44 : 22,31,38
0,6,8,22,27,30 : 8,9,19
6,9,12 : 9
1,3,11,13,24 : 7,11,19
3,5,9,16 : 13,14
2,15,23,29,39,45,48,51,55,59 : 2,4,22,38
5,19,25,28,31 : 0,7
0,5,7,16,17,26 : 5,14
6,9,11,15,20 : 0,15
2,5 : 4
7,9,11 : 12
0,1,10 : 5
3,11 : 7
3,6,12,15,18 : 18,24
1,9 : 0
0,3,9,10,12 : 19,24
7,11,17,25,31 : 1,22
0,1,4,9,14 : 17
0,4,6 : 0
7,12,13 : 6,11
4,7,14 : 0
1,7,10 : 9
3,9,20,23,28,35,36,37,52 : 5,16,22,40
4,13 : 9
12,13,16 : 4
2,7,12,15,26 : 3,16
0,2,13,15 : 0,11
5,9,11 : 3
1,7,13,18,19,33 : 1,12,13
6,7,11,16 : 6,9
0,4,8 : 13
12,14,22,23,25,27 : 8,9,23
2,9 : 5
3,10 : 4
6,11,14,17 : 2,6
3,7,11 : 9
2,9,15,18 : 3
3,15,17,25,28,29,34 : 0,26,32
6,9,10 : 9,11
3,14,16 : 0,3
0,10 : 3
1,11,16,20 : 9,13
2,12,16 : 10
2,4 : 8
2,8,13,24,26,33,36,42,47 : 1,2,11,17
3,4,16,18,20,24,27 : 4,10,22
2,8,9,20,26,30 : 0,17
2,10,15,16 : 8,16
3,12 : 5
12,13,14,24,29,31,41,43 : 9,22,35
4,7 : 7
11,12,15,21,24,30 : 9,15
4,7,19,20 : 3,5
2,10,12,21,26 : 2,19
1,2,7,18,22 : 13,17
3,9,13,17 : 4
12,13,20,21 : 1
5,14,16,26,34,37 : 3,19,30
7,12,13 : 10
4,17,18,21,23 : 14,18
4,6,7,18,24,32 : 10,27
0,2,15 : 1
0,6,8,19,23,33,37,43 : 7,15,24,37
2,8,13,17,23 : 1,8
3,4,14,21,22 : 11,14
7,16,19,24 : 8,11
0,10 : 6
2,6,17,30,37,44,49,50,51 : 7,14,20,33
7,11,12,18 : 13,14
2,8 : 7
11,20,21,22,28,35 : 13,22
5,10 : 0
0,5,14 : 7,8
8,11,16 : 9
5,7,16,19 : 2
1,5,7,15,22,25 : 0,8
4,8,11 : 0
0,5,10,11,12,24,34,44,51 : 10,23,30
5,6,13,22,28 : 13,14,20
0,1,9 : 3,6
15,35,36,38,39,41,48,49 : 17,18,42
11,13,16,23 : 4,16
0,7 : 5
2,7,10,19,24 : 3,16
16,18,21,22 : 5,9
1,3,7,14,18 : 9,22
1,11,17 : 5,11
0,3,13,16 : 9,13
1,11,12 : 7
1,5,9 : 6,11
6,14,15 : 3
0,6,8,13,22 : 4,21
0,1,2 : 2
4,13,17,18 : 1,13
6,13,16,23,28,30,38 : 15,23,31
8,9,10,19,23 : 4,21
2,3 : 4
4,6,15,17 : 0,10,15
0,4,15 : 6
5,14,15,18,30,32,35,38 : 3,23,36
1,5 : 4
2,5,10 : 0
4,8,9 : 3
1,3 : 0
0,3 : 4
0,1,7,14,15 : 1,7
1,10,15,17,19,30 : 12,19
3,9,12,18,19 : 5,6
3,18,22,23,28 : 10,20
6,7 : 4
14,18,28,30,34,38,40,44,48,51,62 : 0,10,14,29,35
9,11,12 : 8
5,11,13,15,19,27,34,37 : 10,18,25
5,7 : 2
5,9,11,27,37,42,43,44 : 10,20,33
3,6,12,20 : 13
11,13,18,23,28 : 2,23
0,2,7,9 : 0,4
0,7 : 3
8,15,18,21,25,26,27,38,45 : 9,12,32,40
4,14,16 : 6
0,6,12 : 11,12
12,15,19 : 3
9,11,13,15,17,24,30,31,39,44 : 7,28,37,38
1,2,11,12 : 7
0,9 : 2
8,13,21,22,24,40,41 : 3,19,22
0,13,16,30,32,36,40,41,47,56 : 2,9,13,17
1,11,13 : 13
1,7,12 : 5
7,8,10,17 : 7,19
2,9 : 2
1,17,20,21,24,28,42,47,50,57 : 17,18,29,35
2,6,17,21 : 2,4
5,15,16,23 : 3
7,9,19,20 : 12
14,26,30,38,42,44,54,55,56,57 : 2,3,23,27,44
0,8 : 7
2,4,17,22,23,26,27,30,40,54 : 3,25,38,40
8,12,19 : 2,15
2,12,26,29,32,35,41 : 4,9,12
2,4,8,11,13,14,32 : 22,29,30
1,9,15 : 14
5,9,12 : 5,8
2,8,9,15 : 7,15
1,6 : 6
1,11 : 1
9,13,14 : 9
2,3,6,8,9,14 : 1,4,6
0,8,15 : 13
5,8,11,16,17,26,31,46,47 : 3,37,42
8,11,14,26,27,34 : 9,12
2,6,30,37,39,45,52,58,67,69,71,72,73,74 : 30,44,45,65,71
0,2,4,21,27 : 7,22
9,11,14,18 : 2
8,11 : 6
3,9 : 5
2,3 : 9
4,7 : 4
14,19,26,28,30,34,35,45 : 6,22,31,34
3,12,13,15 : 11
7,17,19,20 : 5
7,8 : 6
5,9 : 8
4,7,8,9,35,39,43,46,55,60,62 : 9,25,29,45
0,4,10,12,18,19,21,30,43 : 2,38,39
5,16,23,26,35,36 : 3,10,30
2,5,11,17,33,34,36 : 4,13,14
10,11 : 1
13,21,22,27,31,42,43 : 24,27
1,5 : 7
3,5,6 : 5
2,9,12 : 8
17,18,19,20 : 1,16
2,15,16 : 10
2,6,12,13,29 : 5,14
12,18,22,24 : 16,18
3,4,7,11 : 11
6,9,10 : 0
1,2,20,22,23 : 15,19
6,7,9,19,22,39,42 : 6,8
2,16,18,20 : 0,9
0,3,6 : 9
6,11,13 : 12
15,16,18,19 : 3,4
5,15,22,24,25,30,32,36 : 2,11,19
8,9,15 : 6
0,8,9,10,17,31,41 : 19,20,33
7,14,18,21,28 : 24,25
5,14,18,24 : 1,14
4,7,12 : 15
9,13,15,22 : 17
2,8 : 0
5,9,13 : 0,9
5,9 : 7
1,5,7,20,28,30,31 : 14,25,30
4,13,14,15,19,33,37,38,49 : 2,7,15,17
4,10 : 6
3,7,8 : 14
2,6,12,25,33,35,38,46 : 2,14,34,39
5,12,14,17,27 : 3,15
3,9 : 2
6,9,12 : 8
2,3,17,25,28,30,34 : 12,17,21
1,2,4,24 : 3,5
8,14,17,21,28 : 1,22
3,13,15,26,30,31 : 18,23
11,12,16 : 9,12
5,7,9,13,23,26,35 : 4,5,8
7,14,15,19 : 1
2,7,12 : 8
5,6,10,11,21 : 10,11
8,9,17,20 : 6
10,12,16,25,30,31,33,47 : 18,27,35,38,42
3,6,11,15 : 11,13
0,9,11,23 : 13
0,3,16,26,37,43,44,50 : 19,22,26,31
6,7,9,20,23,24,31,34,43 : 9,28,34,45
0,2,7,19 : 0,2
1,6,15,18,41,44,45,46 : 2,24,25,26
9,11,14,20,27,35,44,48,49,62,64 : 0,19,24,53
5,10,19,22,35,36 : 21,25
6,9,14,15 : 2
0,7,13,18 : 7,21
11,15,19,22 : 5,14
5,7,9,22 : 0,11
4,5,17,21,26 : 7,9
4,6,10,13 : 8
3,11,17 : 15
4,5,13 : 4,11
5,6,10,16,23,31 : 10,18,26
1,2 : 1
5,6 : 6
6,9,17,22,25,31 : 2,21
1,4,18,23,29 : 6,12
2,6,15 : 6,7
0,1,19 : 8
4,9 : 7
14,18,19,22 : 4,15
11,13,14,21,26,31,40,43 : 0,26,36
7,11,14 : 10
3,6 : 5
12,15,17,24 : 8,14
0,5 : 2
1,5,10,20 : 0
1,11 : 0
4,9,13,23,27 : 0,6
1,9,18 : 13,16
0,11,18 : 0,12
0,7,13,21,23,31,35,37,46 : 6,13,35,38
0,2,11 : 5,13
7,19,20,21,24 : 5
1,8,12 : 13
0,9 : 6
2,5,7 : 1,7
8,10,14,24,25,26,32,37 : 4,7,29
1,4,12 : 8
2,6,15,16 : 0,16
2,9 : 7
3,12,21,23 : 15,19
0,4,8,15,16,27,29,39,50 : 17,21,33,43
2,7 : 1
7,12,14 : 1,2
8,25,29,34,36,39,40 : 12,16,33
2,6,18 : 14
10,14,23,26,32,39,45 : 6,16,21
1,6,18,20,22,30,31,47,48,55 : 15,19,28,47
4,5,7,10,12,31,33 : 3,11,12,35
5,9 : 2
4,7 : 7
9,11,14,15 : 3
4,13 : 7
9,10,17,24,26 : 13
5,10,14,21,28 : 4,7,10
9,11,17 : 3
5,9,13 : 12
6,7,10,14,25 : 23
3,9 : 3
2,3,30,44,48,51,52,56,60,61,75,80,92,93,94,97 : 11,36,41,49,61,64,83
4,7,8,19 : 2
2,3,8,9,13,21,28,41 : 11,28,30,33
13,14,16 : 9
1,8,14,16,26,37,42,52,55,59 : 6,27,45,51
5,9,12 : 1
0,5 : 2
6,10 : 7
3,7,8,10,19 : 2,8
0,5 : 2
6,10 : 0
6,8,11,13,14,19,20 : 1,3,16
3,6,11,13,19 : 16,22
0,7,18,20 : 18
0,6,10 : 2
0,11,13,21 : 5,15
7,11,12 : 9
1,3,10,19 : 15
2,6,8,19 : 6,13
9,10,14 : 0
17,23,25,26,35,38,48,49,50 : 3,7,32
0,2,10,19 : 1,9
12,16,18,19 : 8,15
1,10,15 : 0
8,11,17,18,28,31,34,42 : 4,31,33
17,22,28,33,34,36 : 15,17,24
6,13,14,15 : 0,14
11,19,21,23,24 : 2,24
6,10,13,22 : 0,2
5,11,14 : 10,11
8,10,19,22 : 11,20
0,5,8 : 5
8,16,25,26,29,30 : 1,15,18
2,9,17,20,22 : 7,17
14,21,25,28,48,51,56,59,63,69,70,72 : 16,23,25,48,53
4,6 : 4
4,5,11,12,16 : 8,12
2,4,8,10,26,35 : 19,24
5,10,15,17,21 : 3,8
8,13,22,23,30,34 : 2,4,9
0,1 : 5
5,6 : 0
1,10 : 5
3,5,13,17,25 : 1,20
0,9,17 : 3
3,9,13,16 : 7,10
11,15,18,19 : 10,12
0,13,16 : 1
4,12,15,17 : 4,14
3,5,7,10,21 : 8,16
3,7,16,17,19,20,30,44,47,57 : 14,26,34,39
1,6,18,22,27,33,45 : 19,25,32
0,6 : 3
2,17,20,21,32,42,43,44,47 : 3,12,23,43
3,8 : 9
0,5,17 : 10
2,3,5,15 : 1,4
4,5,12 : 3
6,12,15 : 5
1,11 : 3
11,14,17,19,20,38,41,48 : 16,21,31,35
4,7,8,13,22,28,31,39 : 4,15,16
1,10,16,18,23,26,38 : 0,4,13
1,2,7 : 7
1,6,8 : 9
0,9,12,24,25,37,41,45,56,60 : 26,34,39,47,50
0,2 : 6
3,7,9,15,25 : 6
7,16,17,18,19,26,33 : 2,7,30,31
8,9,17,21,23,28,32,47 : 0,24,34
9,10 : 4
1,4,5,11 : 17,20
6,10 : 0
2,8,10,17,25,32,38,41,52 : 12,34,35,38
10,21,22,24,30 : 0,10
6,10,13,24 : 7,12
4,10,13,16,18,30,43,48,51 : 19,26,30
0,8,10 : 7
2,12,14,20,25 : 5,21
3,8 : 2
3,4,20 : 12
2,9,13 : 0,4
8,13 : 4
3,17,19,20 : 9
0,3,17,21,25,30,33,44,48,49,51 : 14,29,30,36
3,5,17 : 1
1,2 : 11
10,23,24,25,30 : 15,16
1,6,7 : 3,10
2,7,11 : 5
0,1,12,13,20 : 0,10
9,13,16,18,27,32,37 : 8,14,26
2,9,11,21 : 3,13
0,8,11 : 7
2,10,18 : 6
5,9,13,16 : 9,16
6,7,10 : 11
7,16,18,19 : 12
0,3 : 9
1,9,10,17 : 3,6
0,1,7,21,25,29,31,43,47 : 1,11,23,31
3,11,15 : 2,7
2,13,15,18,28,34,37 : 15,20,32
1,10 : 3
2,7 : 2
3,7 : 6
0,6,10,27,28,29 : 9,22
10,17,20,24,31,36,39 : 1,3,6
1,2,3 : 11
9,10 : 5
2,4,5 : 13
8,9,10,12,13,16,18,19,47 : 1,14,16,35
11,12,20 : 1
4,10,13 : 6
1,5 : 5
2,3,7 : 3
7,8 : 0
1,8,18,21,22 : 9,11
8,15,16,18,23,34 : 2,13,25
1,8,18 : 7,8
2,8,9,14,25 : 10,16
3,7,11,13,16 : 8,16
7,15,16,29,34,35 : 13,19,29
0,2,12 : 0
1,7 : 7
0,6,13,27,34,39,40,47,52 : 3,16,41
5,13 : 6
4,7 : 7
0,1,10,12,13 : 5,8
2,11,15,16 : 3,8
4,9,12,16,22,27 : 13,27
4,6,12 : 13
0,8,16 : 8
6,9,24,31,32,34 : 0,24
3,5,11,15 : 2,3
0,4,15,16 : 0
1,3,6,7 : 7,11
11,12,18,21,25 : 8,10,20
8,14,16,18,25,27,32 : 2,19,35
6,9,19,21 : 14
2,3,7,8,16,21,25 : 11,15
3,5 : 7
1,12,16 : 1,11
2,4,8 : 13
9,21,29,30,32,33,41,43 : 24,30,39
0,10,15 : 15
2,6,7,15,18,41,42,43 : 10,21
1,8,11,20,28,31,35,36,49 : 8,11,23,32
13,31,32,39,44,48,50,53,54 : 24,33,37
4,8,13,22 : 8
10,17,21,24 : 14,15
1,4,11,24,28 : 4,6
3,4,19,20,21,28 : 1,25
7,14,15,17,22,35,40 : 2,5,26
1,8,10 : 0
4,9,14 : 11
9,10,13,21,26,27 : 6,18,28
0,2,17 : 15
1,4,26,29,32,33 : 1,9,18
1,9,14 : 6
1,25,33,41,42,43,50,52,53,58,62 : 13,14,20,31
2,7,9,15,19,31,33 : 8,21,26
3,14,17,18 : 3,11
2,5,6 : 0
7,8 : 7
8,14,15,18,26,30,34,37 : 3,38,39
4,16,17,22 : 4,8
3,12,14 : 13
1,10,21,23 : 1
2,10,15 : 9
3,6 : 3
0,4,5,6,12 : 20,22
4,7,18,19 : 5,15
7,10,13,17 : 3,8
1,3,7,8,18,19,32 : 19,23
3,11 : 8
8,9 : 2
2,5,12,20 : 5,6
8,15,17 : 3
8,9,14,24,28 : 16,23
0,6,10,12 : 1,10
0,7 : 0
5,17,19,21,22,25,36,42,49,53,57 : 1,15,30,34,48
4,7,13,19,20,25,41 : 10,25,33
0,5,12 : 2
8,16,23,28,29 : 3,18,24
1,6,13,17,27,29 : 7,11,20
8,14,21,22 : 17
0,1,3,22 : 9,16
2,7 : 5
9,12,23,24 : 2,16
7,9 : 6
0,4,14,22,28,34,40 : 7,11,19
3,14,18 : 3
0,8,15,20,22,27,36 : 1,22,23
3,13,19 : 9
1,4,8 : 3,9
6,7,11 : 11
2,3,13 : 6
7,8 : 8
3,5,18,27,28,31 : 9,19
1,8,15,28,32,36,38 : 16,20,22,29
21,22,24,25,31,37,39 : 13,17,19
2,11 : 6
10,13,20,21 : 11
5,14,17,32,36,39,42,45 : 32,36,41
0,12,18,20,23,31 : 17,18,22
8,17,19 : 13
8,11,13 : 6
1,3 : 6
6,8,20,23,29,31,32,33 : 16,25,28
0,11,20,24,31,37 : 6,27,28
8,10,15 : 12
1,3,12,16 : 3,7
4,12 : 3
9,10,14 : 8
1,16,18,23,34,36,37 : 1,8,25,37
8,9,14,21,27,31 : 19,21
3,7 : 0
10,14,15,17 : 17,20
0,2,8,11,16 : 11,17
1,4,8 : 6
1,2,3 : 8
10,14,22,25,27 : 2,6
0,14,20,24,30,37,41 : 6,8,17
1,7,9,11,12,13,19,44 : 15,25,28
3,7 : 4
1,6,19 : 15
1,5,7,14 : 5,7
3,9,21,27,28,34 : 0,3,26
2,5,11,20,30,31,39 : 17,24
4,5,13 : 7
1,6 : 4
1,2,17,18,19 : 10,18
3,4,6,11,19,28 : 6,12,21
7,9,17,36,40,42,52,53,54 : 4,16,17,21
11,13,15 : 10,13
6,7 : 6
0,12 : 3
13,15,17 : 3,8
10,15,22,23,26 : 2,16
13,14,18 : 13
1,7,8 : 7
5,7,8 : 5
6,10,16 : 2,12
3,7,13 : 1,11
1,4,15,26,27,39,42,44,46 : 13,22,26,38
7,9,11 : 9
2,4,13,16,27,32 : 6,8
2,6,11,13,16,26 : 18,19,22
7,14,17,20,28,30,38,41,45 : 3,36,39,41
1,10,12,13 : 12
10,16,17,22,29 : 8,19
1,3 : 6
5,6,13,28,29,32,41 : 11,19,33
13,21,22,25 : 10,17
