map_1
	XhoI	XhoI	5.108	24.335	11.058	27.07	43.326	49.95	51.518	16.481	37.904	4.946	35.071	17.61	58.586	28.871	2.636

map_2
	XhoI	XhoI	11.595	71.874	55.145	2.763	37.516	2.107	3.698	2.894	16.741	60.041	36.938	19.058	4.897	32.535	3.642	4.556	17.626	3.007	12.754	28.213	0.73	26.3	33.522	9.614	27.279	28.887	13.417	2.786	21.812	24.018	7.009	14.835	72.12	9.739	2.176

map_3
	XhoI	XhoI	8.184	64.508	11.884	18.627	28.582	1.557	2.506	1.913	11.641	15.44	8.697	6.17	45.312	4.218	15.062	20.234	12.854	12.396	48.964	34.111	55.638	56.159	48.165	2.099	13.095	111.629	66.318	106.522

map_4
	XhoI	XhoI	9.488	32.342	14.882	79.243	0.504	4.995	10.312	37.236	32.65	3.417	12.928	87.122	14.466	10.865

map_6
	XhoI	XhoI	27.761	38.583	36.019	76.733	3.374	13.436	27.244	13.969	7.883	1.62	58.762	3.167	44.549	24.7	4.584

map_7
	XhoI	XhoI	39.914	39.605	8.075	4.687	32.319	18.488	17.26	10.482	42.73	37.485	6.481	29.06	4.547	14.475	60.323	13.128	12.437	19.199	8.085	17.715	91.796	24.82	64.611	42.963	28.217	20.233	14.977	21.401	40.922	25.728	15.415	20.81	45.383	35.631	89.806	20.856

map_8
	XhoI	XhoI	22.881	43.326	49.95	51.518	16.481	37.904	4.946	35.071	17.61	58.586	28.871	14.231	71.874	55.145	2.763	37.516	2.107	3.698	2.894	14.902

map_9
	XhoI	XhoI	1.839	60.041	36.938	19.058	4.897	32.535	3.642	4.556	17.626	3.007	12.754	28.213	0.73	26.3	33.522	9.614	27.279	28.887	13.417	2.786	21.812	24.018	7.009	14.835	11.064

map_10
	XhoI	XhoI	61.056	9.739	10.36	64.508	11.884	18.627	28.582	1.557	2.506	1.913	11.641	15.44	8.697	6.17	45.312	4.218	15.062	20.234	12.854	12.396	2.729

map_12
	XhoI	XhoI	21.172	116.01	32.342	14.882	79.243	0.504	4.995	10.312	37.236	32.65	3.417	12.928	6.482

map_14
	XhoI	XhoI	14.631	24.183	11.068	3.284	6.952	28.481	19.404	44.525	38.583	36.019	76.733	3.374	13.436	27.244	13.969	7.883	1.62	58.762	3.167	44.549	24.7	44.498	39.605	8.075	4.687	32.319	18.488	17.26	10.482	42.73	37.485	6.481	29.06	4.547	14.475	60.323	13.128	12.437	19.199	8.085	17.715	91.796	1.455

map_15
	XhoI	XhoI	9.631	40.922	25.728	15.415	20.81	45.383	35.631	89.806	55.381	40.525	2.335	27.29	18.043	7.616	1.806	5.554	23.391	23.605	28.27	24.142	27.238	8.511	6.776	24.921	1.462	5.108	24.335	11.058	4.189

map_17
	XhoI	XhoI	4.854	14.231	71.874	55.145	2.763	37.516	2.107	3.698	2.894	16.741	60.041	36.938	19.058	4.897	32.535	3.642	4.556	17.626	3.007	12.754	28.213	0.73	26.3	33.522	9.614	27.279	28.887	13.417	2.786	21.812	19.38

map_18
	XhoI	XhoI	4.638	7.009	14.835	72.12	9.739	10.36	64.508	11.884	18.627	28.582	1.557	2.506	1.913	11.641	15.44	8.697	6.17	45.312	4.218	15.062	20.234	12.854	12.396	48.964	34.111	55.638	56.159	48.165	2.099	13.095	111.629	66.318	116.01	32.342	14.882	79.243	0.504	4.995	10.312	5.316

map_19
	XhoI	XhoI	31.92	32.65	3.417	12.928	87.122	14.466	15.855	110.769	28.703	4.878	24.503	84.549	3.166	25.931	24.461	68.447	27.027

map_20
	XhoI	XhoI	43.056	30.152	24.183	11.068	3.284	6.952	28.481	19.404	44.525	38.583	36.019	1.929

map_21
	XhoI	XhoI	31.562	3.167	44.549	24.7	44.498	39.605	8.075	4.687	32.319	18.488	17.26	10.482	16.499

map_22
	XhoI	XhoI	26.231	37.485	6.481	29.06	4.547	14.475	60.323	13.128	12.437	19.199	8.085	17.715	91.796	24.82	64.611	42.963	28.217	20.233	14.977	21.021

map_23
	XhoI	XhoI	40.922	25.728	15.415	20.81	45.383	35.631	89.806	55.381	40.525	2.335	27.29	18.043	7.616	1.806	5.554	23.391	23.605	28.27	24.142	20.253

map_25
	XhoI	XhoI	2.182	9.614	27.279	28.887	13.417	2.786	21.812	24.018	7.009	14.835	72.12	9.739	10.36	64.508	11.884	18.627	28.582	1.557	2.506	1.913	11.641	15.44	8.697	6.17	45.312	4.218	15.062	20.234	12.854	12.396	48.964	34.111	55.638	56.159	48.165	2.099	13.095	111.629	66.318	34.43

map_26
	XhoI	XhoI	43.783	32.342	14.882	79.243	0.504	4.995	10.312	37.236	32.65	3.417	12.928	87.122	14.466	15.855	110.769	28.703	4.878	24.503	84.549	3.166	16.725

map_28
	XhoI	XhoI	27.29	38.583	36.019	76.733	3.374	13.436	27.244	13.969	7.883	1.62	58.762	3.167	44.549	24.7	44.498	39.605	8.075	4.687	32.319	14.238

map_29
	XhoI	XhoI	32.119	13.128	12.437	19.199	8.085	17.715	91.796	24.82	64.611	42.963	28.217	20.233	14.977	21.401	40.922	25.728	15.415	20.81	45.383	35.631	89.806	55.381	32.788

map_31
	XhoI	XhoI	19.582	4.946	35.071	17.61	58.586	28.871	14.231	71.874	55.145	2.763	37.516	2.107	3.698	2.894	16.741	60.041	36.938	19.058	4.897	32.535	0.82

map_32
	XhoI	XhoI	5.366	1.557	2.506	1.913	11.641	15.44	8.697	6.17	45.312	4.218	15.062	20.234	12.854	12.396	48.964	34.111	55.638	50.381

map_34
	XhoI	XhoI	62.744	32.342	14.882	79.243	0.504	4.995	10.312	37.236	32.65	3.417	12.928	87.122	14.466	15.855	110.769	28.703	4.878	24.503	84.549	3.166	25.931	24.461	68.447	70.083	30.152	24.183	11.068	3.284	6.952	28.481	19.404	44.525	38.583	36.019	76.733	3.374	13.436	27.244	13.969	7.883	1.62	58.762	3.167	44.549	24.7	44.498	39.605	8.075	4.687	32.319	18.488	17.26	10.482	8.204

map_35
	XhoI	XhoI	34.526	37.485	6.481	29.06	4.547	14.475	60.323	13.128	12.437	19.199	8.085	17.715	91.796	24.82	64.611	42.963	28.217	20.233	14.977	21.401	40.922	25.728	15.415	20.81	45.383	35.631	52.663

map_37
	XhoI	XhoI	68.875	55.145	2.763	37.516	2.107	3.698	2.894	16.741	60.041	36.938	19.058	4.897	32.535	3.642	4.556	17.626	3.007	12.754	28.213	0.73	26.3	33.522	9.614	27.279	28.887	13.417	2.786	11.237

map_38
	XhoI	XhoI	10.575	24.018	7.009	14.835	72.12	9.739	10.36	64.508	11.884	18.627	28.582	1.557	2.506	1.913	11.641	15.44	8.697	6.17	45.312	4.218	15.062	20.234	12.854	12.396	48.964	34.111	55.638	56.159	48.165	2.099	13.095	111.629	66.318	116.01	32.342	14.882	79.243	0.504	4.995	10.312	37.236	32.65	3.417	12.928	87.122	14.466	5.263

map_40
	XhoI	XhoI	2.335	28.481	19.404	44.525	38.583	36.019	76.733	3.374	13.436	27.244	13.969	7.883	1.62	58.762	3.167	44.549	24.7	44.498	39.605	8.075	4.687	32.319	18.488	17.26	10.482	42.73	37.485	6.481	29.06	4.547	14.475	60.323	13.128	12.437	19.199	8.085	15.919

map_41
	XhoI	XhoI	1.796	91.796	24.82	64.611	42.963	28.217	20.233	14.977	21.401	40.922	25.728	15.415	20.81	45.383	35.631	89.806	55.381	40.525	2.335	5.784

map_44
	XhoI	XhoI	4.598	19.058	4.897	32.535	3.642	4.556	17.626	3.007	12.754	28.213	0.73	26.3	33.522	9.614	27.279	28.887	13.417	2.786	21.812	24.018	7.009	14.835	72.12	9.739	10.36	64.508	11.884	18.627	8.592

map_45
	XhoI	XhoI	104.182	66.318	116.01	32.342	14.882	79.243	0.504	4.995	10.312	37.236	32.65	3.417	12.928	87.122	14.466	15.855	110.769	28.703	4.878	16.9

map_46
	XhoI	XhoI	7.603	84.549	3.166	25.931	24.461	68.447	70.083	30.152	24.183	11.068	3.284	6.952	28.481	19.404	44.525	38.583	36.019	76.733	3.374	13.436	27.244	13.969	7.883	1.62	58.762	3.167	44.549	24.7	44.498	39.605	8.075	4.687	32.319	18.488	17.26	10.482	42.73	37.485	6.481	9.36

map_47
	XhoI	XhoI	19.7	4.547	14.475	60.323	13.128	12.437	19.199	8.085	17.715	91.796	24.82	64.611	42.963	28.217	20.233	14.977	21.401	40.922	13.763

map_49
	XhoI	XhoI	29.949	2.763	37.516	2.107	3.698	2.894	16.741	60.041	36.938	19.058	4.897	32.535	3.642	4.556	17.626	3.007	12.754	28.213	0.73	26.3	33.522	9.614	27.279	28.887	13.417	2.786	21.812	24.018	7.009	14.835	72.12	9.739	10.36	64.508	11.884	18.627	17.944

map_50
	XhoI	XhoI	10.638	1.557	2.506	1.913	11.641	15.44	8.697	6.17	45.312	4.218	15.062	20.234	12.854	12.396	48.964	34.111	55.638	56.159	48.165	2.099	13.095	95.423

map_52
	XhoI	XhoI	3.239	68.447	70.083	30.152	24.183	11.068	3.284	6.952	28.481	19.404	44.525	38.583	36.019	21.654

map_53
	XhoI	XhoI	55.079	3.374	13.436	27.244	13.969	7.883	1.62	58.762	3.167	44.549	24.7	44.498	19.393

map_54
	XhoI	XhoI	20.212	8.075	4.687	32.319	18.488	17.26	10.482	42.73	37.485	6.481	29.06	4.547	14.475	60.323	13.128	12.437	19.199	8.085	17.715	91.796	24.82	64.611	42.963	28.217	20.233	14.977	21.401	40.922	25.728	15.415	20.81	45.383	35.631	89.806	55.381	40.525	2.335	27.29	18.043	7.616	1.806	5.554	23.391	23.605	28.27	24.142	27.238	8.511	6.776	24.921	1.462	5.108	24.335	11.058	27.07	43.326	49.95	51.518	16.481	37.904	4.946	35.071	17.61	58.586	28.871	14.231	66.747

map_56
	XhoI	XhoI	6.14	27.07	43.326	49.95	51.518	16.481	37.904	4.946	35.071	17.61	58.586	28.871	14.231	71.874	55.145	2.763	37.516	2.107	3.698	2.894	16.741	60.041	36.938	19.058	4.897	32.535	3.642	4.556	17.626	3.007	12.754	28.213	0.73	26.3	33.522	9.614	27.279	28.887	13.417	2.786	21.812	24.018	7.009	14.835	72.12	9.739	10.36	64.508	11.884	18.627	28.582	1.557	1.914

map_57
	XhoI	XhoI	1.075	6.17	45.312	4.218	15.062	20.234	12.854	12.396	48.964	34.111	55.638	56.159	48.165	2.099	9.019

map_60
	XhoI	XhoI	22.095	36.019	76.733	3.374	13.436	27.244	13.969	7.883	1.62	58.762	3.167	44.549	24.7	44.498	39.605	8.075	4.687	32.319	18.488	17.26	2.252

map_61
	XhoI	XhoI	8.23	42.73	37.485	6.481	29.06	4.547	14.475	60.323	13.128	12.437	19.199	8.085	17.715	91.796	24.82	64.611	42.963	28.217	20.233	14.977	21.401	40.922	25.728	15.415	20.81	45.383	35.631	89.806	55.381	37.275

map_63
	XhoI	XhoI	7.162	4.946	35.071	17.61	58.586	28.871	14.231	71.874	55.145	2.763	37.516	2.107	3.698	2.894	16.741	53.097

map_64
	XhoI	XhoI	59.848	9.739	10.36	64.508	11.884	18.627	28.582	1.557	2.506	1.913	11.641	15.44	8.697	6.17	45.312	4.218	15.062	20.234	12.854	12.396	48.964	31.212

map_65
	XhoI	XhoI	2.899	55.638	56.159	48.165	2.099	13.095	111.629	66.318	116.01	32.342	14.882	79.243	0.504	4.995	10.312	37.236	32.65	3.417	12.928	87.122	14.466	15.855	110.769	28.703	4.878	24.503	84.549	3.166	25.931	24.461	68.447	70.083	30.152	24.183	11.068	3.284	6.952	28.481	19.404	44.525	28.363

map_66
	XhoI	XhoI	10.22	36.019	76.733	3.374	13.436	27.244	13.969	7.883	1.62	58.762	3.167	18.076

map_67
	XhoI	XhoI	36.745	37.485	6.481	29.06	4.547	14.475	60.323	13.128	12.437	19.199	8.085	17.715	91.796	24.82	64.611	42.963	28.217	20.233	14.977	21.401	40.922	25.728	15.415	20.81	45.383	35.631	78.791

map_69
	XhoI	XhoI	2.505	60.041	36.938	19.058	4.897	32.535	3.642	4.556	17.626	3.007	12.754	28.213	0.73	26.3	33.522	9.614	27.279	28.887	13.417	2.786	21.812	24.018	7.009	14.835	72.12	9.739	10.36	64.508	11.884	18.627	28.582	1.557	2.506	1.913	11.641	15.44	8.697	6.17	45.312	4.218	15.062	20.234	12.854	12.396	48.964	34.111	55.638	56.159	48.165	2.099	13.095	111.629	66.318	116.01	32.342	14.882	79.243	0.504	4.995	10.312	37.236	32.65	3.417	12.928	87.122	14.466	15.855	110.769	28.703	4.878	24.503	4.903

map_70
	XhoI	XhoI	79.646	3.166	25.931	24.461	68.447	70.083	30.152	24.183	11.068	3.284	6.952	28.481	19.404	44.525	38.583	20.676

map_71
	XhoI	XhoI	8.021	3.167	44.549	24.7	44.498	39.605	8.075	4.687	32.319	18.488	17.26	10.482	42.73	37.485	6.481	29.06	4.547	14.475	7.439

map_73
	XhoI	XhoI	25.649	28.217	20.233	14.977	21.401	40.922	25.728	15.415	20.81	45.383	35.631	89.806	9.808

map_75
	XhoI	XhoI	6.965	11.058	27.07	43.326	49.95	51.518	16.481	37.904	4.946	35.071	17.61	58.586	28.871	14.231	16.047

map_76
	XhoI	XhoI	38.454	36.938	19.058	4.897	32.535	3.642	4.556	17.626	3.007	12.754	28.213	0.73	26.3	33.522	9.614	27.279	28.887	13.417	2.786	21.812	24.018	7.009	14.835	72.12	9.739	10.36	64.508	11.884	18.627	28.582	1.557	2.506	1.913	11.641	15.44	8.697	6.17	45.312	4.218	15.062	20.234	12.854	12.396	48.964	34.111	55.638	56.159	48.165	2.099	13.095	111.629	66.318	116.01	32.342	14.882	79.243	0.504	4.995	10.312	37.236	32.65	3.417	12.928	17.595

map_78
	XhoI	XhoI	27.951	30.152	24.183	11.068	3.284	6.952	28.481	19.404	44.525	38.583	36.019	76.733	3.374	13.436	27.244	13.969	7.883	1.62	58.762	3.167	44.549	24.7	44.498	39.605	8.075	4.687	32.319	18.488	17.26	10.482	42.73	37.485	6.481	29.06	4.547	14.475	60.323	13.128	12.437	19.199	2.221

map_79
	XhoI	XhoI	16.914	28.217	20.233	14.977	21.401	40.922	25.728	15.415	20.81	45.383	35.631	71.997

map_81
	XhoI	XhoI	53.19	55.145	2.763	37.516	2.107	3.698	2.894	16.741	60.041	36.938	19.058	4.897	32.535	3.642	4.556	17.626	3.007	12.754	28.213	0.73	26.3	33.522	9.614	27.279	28.887	13.417	2.786	21.812	24.018

map_82
	XhoI	XhoI	6.685	14.835	72.12	9.739	10.36	64.508	11.884	18.627	28.582	1.557	2.506	1.913	11.641	15.44	8.697	6.17	45.312	4.218	15.062	20.234	12.854	12.396	48.964	34.111	55.638	56.159	48.165	2.099	13.095	111.629	9.831

map_83
	XhoI	XhoI	95.324	32.342	14.882	79.243	0.504	4.995	10.312	37.236	32.65	3.417	12.928	87.122	14.466	15.855	9.093

map_84
	XhoI	XhoI	25.263	4.878	24.503	84.549	3.166	25.931	24.461	68.447	70.083	30.152	24.183	11.068	3.284	6.952	28.481	19.404	44.525	38.583	36.019	22.599

map_85
	XhoI	XhoI	54.134	3.374	13.436	27.244	13.969	7.883	1.62	58.762	3.167	44.549	24.7	44.498	39.605	8.075	4.687	32.319	18.488	17.26	10.482	42.73	37.485	6.481	29.06	4.547

map_87
	XhoI	XhoI	35.061	28.217	20.233	14.977	21.401	40.922	25.728	15.415	20.81	45.383	35.631	79.783

map_89
	XhoI	XhoI	15.644	17.61	58.586	28.871	14.231	71.874	55.145	2.763	37.516	2.107	3.698	2.894	16.741	60.041	36.938	19.058	4.897	32.535	3.642	4.556	17.626	3.007	12.754	28.213	0.73	26.3	33.522	9.614	27.279	28.887	13.417	2.786	21.812	24.018	7.009	14.835	72.12	9.739	10.36	64.508	11.884	18.627	28.582	1.557	2.506	1.913	11.641	15.44	8.697	6.17	45.312	4.218	15.062	20.234	12.854	12.396	48.964	34.111	55.638	56.159	48.165	2.099	13.095	111.629	66.318	116.01	32.342	14.882	79.243	0.504	4.995	10.312	37.236	32.65	3.417	12.928	87.122	4.391

map_90
	XhoI	XhoI	56.863	3.166	25.931	24.461	68.447	70.083	30.152	24.183	11.068	3.284	6.952	28.481	19.404	44.525	38.583	36.019	76.733	3.374	13.436	27.244	13.969	7.883	1.62	58.762	3.167	44.549	24.7	44.498	39.605	8.075	4.687	32.319	18.488	17.26	10.482	42.73	37.485	6.481	29.06	4.547	14.475	60.323	13.128	12.437	19.199	8.085	17.715	3.977

map_91
	XhoI	XhoI	2.24	40.922	25.728	15.415	20.81	45.383	35.631	89.806	55.381	40.525	2.335	27.29	18.043	7.616	1.806	5.554	23.391	23.605	28.27	24.142	4.271

map_93
	XhoI	XhoI	19.749	28.871	14.231	71.874	55.145	2.763	37.516	2.107	3.698	2.894	16.741	60.041	36.938	19.058	4.897	32.535	3.642	4.556	17.626	3.007	12.754	28.213	0.73	26.3	33.522	9.614	27.279	28.887	13.417	2.786	21.812	24.018	7.009	14.835	72.12	9.739	10.36	64.508	11.884	18.627	28.582	1.557	2.506	1.913	11.641	15.44	8.697	6.17	45.312	4.218	15.062	20.234	12.854	12.396	48.964	34.111	55.638	56.159	48.165	2.099	13.095	111.629	65.371

map_95
	XhoI	XhoI	20.759	84.549	3.166	25.931	24.461	68.447	70.083	30.152	24.183	11.068	3.284	6.952	28.481	19.404	44.525	38.583	36.019	2.573

map_96
	XhoI	XhoI	74.16	3.374	13.436	27.244	13.969	7.883	1.62	58.762	3.167	44.549	24.7	44.498	39.605	8.075	4.687	32.319	18.488	17.26	10.482	42.73	1.965

map_97
	XhoI	XhoI	35.52	6.481	29.06	4.547	14.475	60.323	13.128	12.437	19.199	8.085	17.715	91.796	24.82	12.134

map_98
	XhoI	XhoI	52.477	42.963	28.217	20.233	14.977	21.401	40.922	25.728	15.415	20.81	45.383	35.631	89.806	55.381	40.525	2.335	27.29	18.043	7.616	1.806	5.554	23.391	23.605	28.27	24.142	27.238	8.511	6.776	24.921	1.462	5.108	22.582

map_99
	XhoI	XhoI	27.43	9.614	27.279	28.887	13.417	2.786	21.812	24.018	7.009	14.835	72.12	9.739	10.36	64.508	11.884	18.627	28.582	1.557	2.506	1.913	11.641	15.44	8.697	6.17

map_100
	XhoI	XhoI	45.274	4.218	15.062	20.234	12.854	12.396	48.964	34.111	55.638	56.159	48.165	2.099	13.095	99.853

map_101
	XhoI	XhoI	44.67	32.342	14.882	79.243	0.504	4.995	10.312	37.236	32.65	3.417	12.928	87.122	14.466	15.855	96.397

map_102
	XhoI	XhoI	14.372	28.703	4.878	24.503	84.549	3.166	25.931	24.461	68.447	70.083	30.152	24.183	11.068	3.284	6.952	28.481	19.404	44.525	38.583	36.019	76.733	3.374	13.436	27.244	13.969	7.883	1.62	58.762	3.167	44.549	24.7	44.498	39.605	8.075	4.687	21.726

map_103
	XhoI	XhoI	10.304	17.26	10.482	42.73	37.485	6.481	29.06	4.547	14.475	60.323	13.128	12.437	19.199	8.085	1.022

map_104
	XhoI	XhoI	16.693	91.796	24.82	64.611	42.963	28.217	20.233	14.977	21.401	40.922	25.728	15.415	20.81	20.253

map_105
	XhoI	XhoI	25.13	35.631	89.806	55.381	40.525	2.335	27.29	18.043	7.616	1.806	5.554	23.391	23.605	28.27	24.142	27.238	8.511	6.776	24.921	1.462	5.108	24.335	11.058	27.07	43.326	49.95	51.518	16.481	37.904	4.946	35.071	17.61	58.586	28.871	14.231	71.874	55.145	2.763	37.516	2.107	3.698	2.894	16.741	55.881

map_107
	XhoI	XhoI	19.919	28.887	13.417	2.786	21.812	24.018	7.009	14.835	72.12	9.739	10.36	64.508	1.856

map_108
	XhoI	XhoI	10.028	18.627	28.582	1.557	2.506	1.913	11.641	15.44	8.697	6.17	45.312	4.218	15.062	20.234	12.854	12.396	48.964	34.111	55.638	56.159	48.165	2.099	13.095	111.629	66.318	29.885

map_109
	XhoI	XhoI	86.125	32.342	14.882	79.243	0.504	4.995	10.312	37.236	32.65	3.417	12.928	87.122	14.466	15.855	110.769	28.703	4.878	24.503	84.549	3.166	25.931	24.461	68.447	70.083	30.152	24.183	11.068	3.284	5.063

map_110
	XhoI	XhoI	1.889	28.481	19.404	44.525	38.583	36.019	76.733	3.374	13.436	27.244	13.969	7.883	1.62	58.762	3.167	44.549	24.7	44.498	14.62

map_111
	XhoI	XhoI	24.985	8.075	4.687	32.319	18.488	17.26	10.482	42.73	37.485	6.481	29.06	4.547	14.475	60.323	13.128	12.437	19.199	8.085	17.715	5.297

map_116
	XhoI	XhoI	57.529	36.938	19.058	4.897	32.535	3.642	4.556	17.626	3.007	12.754	28.213	0.73	26.3	33.522	9.614	27.279	28.887	13.417	2.786	21.812	24.018	7.009	14.835	72.12	9.739	10.36	64.508	11.884	18.627	28.582	1.557	2.506	1.913	11.641	15.44	8.697	6.17	45.312	4.218	15.062	20.234	12.854	12.396	48.964	34.111	55.638	56.159	48.165	2.099	13.095	111.629	66.318	116.01	13.707

map_118
	XhoI	XhoI	47.506	3.166	25.931	24.461	68.447	70.083	30.152	24.183	11.068	3.284	6.952	28.481	19.404	44.525	38.583	36.019	76.733	3.374	13.436	27.244	13.969	7.883	1.62	58.762	3.167	44.549	24.7	44.498	39.605	8.075	4.687	32.319	18.488	17.26	10.482	29.639

map_119
	XhoI	XhoI	34.923	6.481	29.06	4.547	14.475	60.323	13.128	12.437	19.199	8.085	17.715	91.796	24.82	38.483

map_120
	XhoI	XhoI	26.128	42.963	28.217	20.233	14.977	21.401	40.922	25.728	15.415	20.81	45.383	35.631	51.67

map_122
	XhoI	XhoI	7.818	33.522	9.614	27.279	28.887	13.417	2.786	21.812	24.018	7.009	14.835	72.12	9.739	10.36	64.508	11.884	18.627	28.582	1.557	2.506	1.913	11.641	15.44	8.697	6.17	45.312	4.218	15.062	20.234	12.854	12.396	48.964	34.111	55.638	38.405

map_123
	XhoI	XhoI	17.754	48.165	2.099	13.095	111.629	66.318	116.01	32.342	14.882	79.243	0.504	4.995	10.312	37.236	32.65	3.417	12.928	87.122	14.466	15.855	110.769	28.703	4.878	24.503	84.549	3.166	25.931	24.461	68.447	70.083	30.152	24.183	11.068	3.284	6.952	2.527

map_124
	XhoI	XhoI	25.954	19.404	44.525	38.583	36.019	76.733	3.374	13.436	27.244	13.969	7.883	1.62	58.762	3.167	44.549	24.7	44.498	39.605	8.075	4.687	32.319	18.488	17.26	10.482	42.73	37.485	6.481	29.06	4.547	14.475	60.323	13.128	12.437	19.199	8.085	17.715	91.796	24.82	45.856

map_125
	XhoI	XhoI	18.755	42.963	28.217	20.233	14.977	21.401	40.922	25.728	15.415	20.81	11.865

map_126
	XhoI	XhoI	6.828	4.946	35.071	17.61	58.586	28.871	14.231	71.874	55.145	2.763	37.516	2.107	3.698	2.894	16.741	60.041	36.938	19.058	4.897	32.535	3.642	4.556	17.626	3.007	12.754	28.213	0.73	26.3	33.522	9.614	27.279	28.887	13.417	2.786	21.812	24.018	7.009	14.835	23.072

map_127
	XhoI	XhoI	15.42	1.557	2.506	1.913	11.641	15.44	8.697	6.17	45.312	4.218	15.062	20.234	12.854	12.396	48.964	34.111	55.638	19.726

map_129
	XhoI	XhoI	7.509	32.342	14.882	79.243	0.504	4.995	10.312	37.236	32.65	3.417	12.928	87.122	14.466	15.855	110.769	28.703	4.878	24.503	84.549	3.166	25.931	24.461	68.447	11.334

map_130
	XhoI	XhoI	58.749	30.152	24.183	11.068	3.284	6.952	28.481	19.404	44.525	38.583	36.019	76.733	3.374	13.436	27.244	13.969	7.883	1.62	58.762	3.167	44.549	24.7	44.498	39.605	8.075	4.687	29.373

map_131
	XhoI	XhoI	2.946	18.488	17.26	10.482	42.73	37.485	6.481	29.06	4.547	14.475	60.323	13.128	12.437	19.199	3.865

map_132
	XhoI	XhoI	4.22	17.715	91.796	24.82	64.611	42.963	28.217	20.233	14.977	21.401	40.922	18.264

map_133
	XhoI	XhoI	57.65	55.381	40.525	2.335	27.29	18.043	7.616	1.806	5.554	23.391	23.605	28.27	24.142	27.238	8.511	6.776	24.921	1.462	5.108	24.335	11.058	27.07	43.326	49.95	51.518	16.481	31.076

map_135
	XhoI	XhoI	10.9	60.041	36.938	19.058	4.897	32.535	3.642	4.556	17.626	3.007	12.754	28.213	0.73	26.3	5.432

map_136
	XhoI	XhoI	28.09	9.614	27.279	28.887	13.417	2.786	21.812	24.018	7.009	14.835	72.12	9.739	10.36	64.508	11.884	18.627	28.582	1.557	2.506	1.913	11.641	15.44	8.697	6.17	45.312	4.218	15.062	20.234	12.854	12.396	48.964	34.111	55.638	37.048

map_137
	XhoI	XhoI	19.111	48.165	2.099	13.095	111.629	66.318	116.01	32.342	14.882	79.243	0.504	4.995	10.312	37.236	32.65	3.417	12.928	87.122	14.466	15.855	110.769	28.703	4.878	24.503	84.549	3.166	25.931	24.461	68.447	70.083	30.152	24.183	11.068	3.284	6.952	28.481	19.404	44.525	38.583	36.019	76.733	3.374	13.436	27.244	13.969	7.883	1.62	58.762	3.167	44.549	24.7	21.82

map_138
	XhoI	XhoI	22.678	39.605	8.075	4.687	32.319	18.488	17.26	10.482	42.73	37.485	6.481	29.06	4.547	14.475	60.323	13.128	12.437	19.199	8.085	17.715	91.796	24.82	64.611	42.963	19.387

map_141
	XhoI	XhoI	6.233	28.887	13.417	2.786	21.812	24.018	7.009	14.835	72.12	9.739	10.36	64.508	11.884	18.627	28.582	1.557	2.506	1.913	11.641	15.44	8.697	6.17	45.312	4.218	15.062	20.234	12.854	12.396	48.964	34.111	55.638	56.159	48.165	2.099	13.095	111.629	66.318	116.01	32.342	14.882	79.243	0.504	4.995	10.312	37.236	32.65	3.417	12.928	87.122	14.466	15.855	110.769	28.703	4.878	7.336

map_142
	XhoI	XhoI	17.167	84.549	3.166	25.931	24.461	68.447	70.083	30.152	24.183	11.068	3.284	6.952	28.481	19.404	44.525	38.583	36.019	76.733	3.374	13.436	27.244	13.969	7.883	1.62	22.226

map_143
	XhoI	XhoI	36.536	3.167	44.549	24.7	44.498	39.605	8.075	4.687	32.319	18.488	17.26	10.482	34.63

map_144
	XhoI	XhoI	39.808	13.128	12.437	19.199	8.085	17.715	91.796	24.82	64.611	42.963	28.217	20.233	14.977	21.401	40.922	25.728	15.415	20.81	45.383	35.631	89.806	55.381	40.525	2.335	27.29	18.043	7.616	1.806	2.513

map_145
	XhoI	XhoI	10.896	51.518	16.481	37.904	4.946	35.071	17.61	58.586	28.871	14.231	71.874	55.145	2.763	37.516	2.107	3.698	2.894	16.741	60.041	36.938	19.058	4.897	32.535	3.642	4.556	17.626	3.007	12.754	28.213	0.73	26.3	33.522	9.614	27.279	28.887	13.417	2.786	21.812	24.018	7.009	14.835	7.24

map_146
	XhoI	XhoI	31.695	9.739	10.36	64.508	11.884	18.627	28.582	1.557	2.506	1.913	11.641	15.44	8.697	6.17	45.312	4.218	15.062	20.234	12.854	12.396	48.964	34.111	55.638	56.159	48.165	2.099	13.095	24.776

map_147
	XhoI	XhoI	86.853	66.318	116.01	32.342	14.882	79.243	0.504	4.995	10.312	37.236	32.65	3.417	12.928	87.122	14.466	15.855	110.769	28.703	4.878	24.503	45.954

map_148
	XhoI	XhoI	3.466	19.404	44.525	38.583	36.019	76.733	3.374	13.436	27.244	13.969	7.883	1.62	58.762	3.167	44.549	24.7	44.498	39.605	8.075	4.687	32.319	18.488	17.26	10.482	42.73	37.485	6.481	29.06	4.547	14.475	60.323	13.128	12.437	19.199	8.085	17.715	91.796	24.82	64.611	42.963	23.113

map_149
	XhoI	XhoI	5.104	20.233	14.977	21.401	40.922	25.728	15.415	20.81	45.383	35.631	89.806	55.381	40.525	2.335	27.29	18.043	7.616	1.806	5.554	23.391	23.605	28.27	24.142	27.238	8.511	6.776	24.921	1.462	5.108	24.335	11.058	27.07	39.431

map_151
	XhoI	XhoI	47.385	28.871	14.231	71.874	55.145	2.763	37.516	2.107	3.698	2.894	16.741	60.041	36.938	19.058	4.897	32.535	3.642	4.556	17.626	3.007	12.754	28.213	0.73	26.3	33.522	9.614	27.279	28.887	13.417	2.786	21.812	24.018	7.009	14.835	72.12	9.739	10.36	64.508	11.884	18.627	28.582	1.557	2.506	1.913	11.641	15.44	8.469

map_152
	XhoI	XhoI	12.72	56.159	48.165	2.099	13.095	111.629	66.318	116.01	32.342	14.882	79.243	0.504	4.995	10.312	37.236	32.65	3.417	12.928	27.857

map_154
	XhoI	XhoI	14.836	19.404	44.525	38.583	36.019	76.733	3.374	13.436	27.244	13.969	7.883	1.62	58.762	3.167	44.549	3.895

map_155
	XhoI	XhoI	20.805	44.498	39.605	8.075	4.687	32.319	18.488	17.26	10.482	42.73	37.485	6.481	29.06	4.547	14.475	60.323	13.128	12.437	19.199	8.085	17.715	91.796	24.82	64.611	42.963	28.217	20.233	14.977	21.401	40.922	25.728	15.415	20.81	45.383	35.631	89.806	55.381	40.525	2.335	27.29	18.043	7.616	1.806	5.554	23.391	15.287

map_157
	XhoI	XhoI	6.961	58.586	28.871	14.231	71.874	55.145	2.763	37.516	2.107	3.698	2.894	16.741	60.041	36.938	19.058	4.897	32.535	3.642	4.556	17.626	3.007	12.754	28.213	0.73	26.3	33.522	9.614	27.279	28.887	13.417	2.786	21.812	24.018	7.009	14.835	72.12	9.739	10.36	64.508	11.884	18.627	28.582	1.557	2.506	1.913	11.641	15.44	8.697	6.17	45.312	4.218	15.062	20.234	12.854	12.396	48.964	34.111	54.726

map_158
	XhoI	XhoI	0.912	56.159	48.165	2.099	13.095	111.629	66.318	116.01	32.342	14.882	79.243	0.504	4.995	10.312	37.236	32.65	3.417	12.928	26.696

map_161
	XhoI	XhoI	9.589	38.583	36.019	76.733	3.374	13.436	27.244	13.969	7.883	1.62	58.762	3.167	44.549	24.7	28.367

map_162
	XhoI	XhoI	16.131	39.605	8.075	4.687	32.319	18.488	17.26	10.482	42.73	37.485	6.481	29.06	4.547	14.475	60.323	13.128	12.437	19.199	8.085	17.715	91.796	24.82	64.611	42.963	28.217	20.233	14.977	21.401	40.922	25.728	15.415	20.81	45.383	35.631	89.806	55.381	21.351

map_164
	XhoI	XhoI	57.885	36.938	19.058	4.897	32.535	3.642	4.556	17.626	3.007	12.754	28.213	0.73	26.3	33.522	9.614	27.279	28.887	13.417	2.786	21.812	24.018	7.009	14.835	72.12	9.739	10.36	64.508	11.884	18.627	28.582	1.557	2.506	1.913	11.641	15.44	8.697	6.17	45.312	4.218	15.062	20.234	12.854	12.396	48.964	12.612

map_166
	XhoI	XhoI	9.002	116.01	32.342	14.882	79.243	0.504	4.995	10.312	37.236	32.65	3.417	12.928	87.122	14.466	15.855	110.769	28.703	4.878	24.503	84.549	3.166	25.931	24.461	68.447	70.083	30.152	24.183	11.068	3.284	6.952	28.481	19.404	44.525	38.583	36.019	76.733	3.374	13.436	27.244	13.969	7.883	1.62	58.762	3.167	44.549	24.7	44.498	39.605	8.075	4.687	32.319	18.488	17.26	10.482	41.52

map_167
	XhoI	XhoI	51.819	13.128	12.437	19.199	8.085	17.715	91.796	24.82	64.611	42.963	28.217	20.233	14.977	21.401	40.922	25.728	15.415	20.81	45.383	35.631	13.901

map_168
	XhoI	XhoI	75.905	55.381	40.525	2.335	27.29	18.043	7.616	1.806	5.554	23.391	23.605	28.27	24.142	27.238	8.511	6.776	24.921	1.462	5.108	24.335	3.117

map_170
	XhoI	XhoI	0.848	37.904	4.946	35.071	17.61	58.586	28.871	14.231	71.874	55.145	2.763	37.516	2.107	3.698	2.894	16.741	60.041	36.938	19.058	4.897	32.535	3.642	4.556	17.626	3.007	12.754	28.213	0.73	26.3	33.522	9.614	27.279	28.887	13.417	2.786	21.812	24.018	7.009	14.835	72.12	9.739	10.36	64.508	5.968

map_171
	XhoI	XhoI	6.274	6.17	45.312	4.218	15.062	20.234	12.854	12.396	48.964	34.111	55.638	56.159	48.165	2.099	13.095	111.629	66.318	116.01	32.342	14.882	79.243	0.504	4.995	10.312	37.236	32.65	3.417	12.928	39.602

map_172
	XhoI	XhoI	50.798	28.703	4.878	24.503	84.549	3.166	25.931	24.461	68.447	70.083	30.152	24.183	11.068	3.284	6.952	28.481	19.404	44.525	31.688

map_173
	XhoI	XhoI	14.541	76.733	3.374	13.436	27.244	13.969	7.883	1.62	58.762	3.167	44.549	24.7	44.498	39.605	8.075	4.687	32.319	18.488	15.938

map_174
	XhoI	XhoI	1.322	10.482	42.73	37.485	6.481	29.06	4.547	14.475	60.323	13.128	12.437	19.199	8.085	17.715	91.796	24.82	64.611	42.963	28.217	20.233	14.977	21.401	40.922	25.728	15.415	20.81	45.383	35.631	89.806	17.526

map_175
	XhoI	XhoI	7.002	58.586	28.871	14.231	71.874	55.145	2.763	37.516	2.107	3.698	2.894	16.741	60.041	36.938	19.058	4.897	32.535	3.642	4.556	17.626	3.007	12.754	28.213	0.73	18.855

map_176
	XhoI	XhoI	7.445	33.522	9.614	27.279	28.887	13.417	2.786	21.812	24.018	7.009	14.835	72.12	9.739	10.36	64.508	11.884	18.627	28.582	1.557	2.506	1.913	11.641	4.276

map_179
	XhoI	XhoI	21.982	0.504	4.995	10.312	37.236	32.65	3.417	12.928	87.122	14.466	15.855	110.769	28.703	4.878	24.503	84.549	3.166	25.931	24.461	68.447	70.083	30.152	24.183	11.068	3.284	6.952	28.481	19.404	44.525	38.583	27.891

map_180
	XhoI	XhoI	8.128	76.733	3.374	13.436	27.244	13.969	7.883	1.62	58.762	3.167	44.549	24.7	44.498	5.025

map_181
	XhoI	XhoI	34.58	8.075	4.687	32.319	18.488	17.26	10.482	42.73	37.485	6.481	29.06	4.547	14.475	59.641

map_182
	XhoI	XhoI	0.682	13.128	12.437	19.199	8.085	17.715	91.796	24.82	64.611	42.963	28.217	20.233	14.977	21.401	40.922	25.728	15.415	20.81	45.383	35.631	26.513

map_183
	XhoI	XhoI	63.293	55.381	40.525	2.335	27.29	18.043	7.616	1.806	5.554	23.391	23.605	28.27	24.142	27.238	8.511	6.776	24.921	1.462	5.108	24.335	11.058	27.07	43.326	49.95	51.518	16.481	37.904	4.946	35.071	10.608

map_184
	XhoI	XhoI	29.814	51.518	16.481	37.904	4.946	35.071	17.61	58.586	28.871	14.231	71.874	55.145	2.763	37.516	2.107	3.698	2.894	16.741	60.041	36.938	19.058	4.897	32.535	3.642	4.556	17.626	3.007	12.754	28.213	0.73	26.3	33.522	9.614	27.279	28.887	13.417	2.786	21.812	24.018	1.958

map_185
	XhoI	XhoI	5.051	14.835	72.12	9.739	10.36	64.508	11.884	18.627	28.582	1.557	2.506	1.913	11.641	15.44	8.697	6.17	45.312	4.218	15.062	20.234	12.854	12.396	48.964	34.111	55.638	56.159	48.165	2.099	13.095	111.629	66.318	116.01	32.342	14.882	79.243	0.504	4.995	10.312	37.236	32.65	3.417	12.928	41.657

map_187
	XhoI	XhoI	6.62	70.083	30.152	24.183	11.068	3.284	6.952	28.481	19.404	44.525	38.583	36.019	76.733	3.374	13.436	27.244	13.969	7.883	1.62	58.762	3.167	44.549	24.7	44.498	39.605	8.075	4.687	32.319	18.488	17.26	10.482	42.73	37.485	6.481	29.06	4.547	14.475	60.323	13.128	12.437	19.199	8.085	4.512

map_188
	XhoI	XhoI	19.069	28.217	20.233	14.977	21.401	40.922	25.728	15.415	20.81	45.383	35.631	89.806	55.381	17.579

map_191
	XhoI	XhoI	35.598	36.938	19.058	4.897	32.535	3.642	4.556	17.626	3.007	12.754	28.213	0.73	26.3	33.522	9.614	27.279	28.887	13.417	2.786	21.812	24.018	7.009	14.835	72.12	9.739	10.36	64.508	11.884	18.627	28.582	1.557	2.506	1.913	11.641	15.44	8.697	6.17	45.312	4.218	15.062	20.234	7.919

map_192
	XhoI	XhoI	4.935	12.396	48.964	34.111	55.638	56.159	48.165	2.099	13.095	111.629	66.318	116.01	32.342	14.882	79.243	0.504	4.995	10.312	37.236	32.65	3.417	12.928	87.122	14.466	15.855	110.769	28.703	4.878	24.503	59.396

map_193
	XhoI	XhoI	25.153	3.166	25.931	24.461	68.447	70.083	30.152	24.183	11.068	3.284	6.952	28.481	19.404	10.176

map_195
	XhoI	XhoI	1.285	4.547	14.475	60.323	13.128	12.437	19.199	8.085	17.715	91.796	24.82	64.611	42.963	28.217	20.233	14.977	21.401	40.922	25.728	15.415	20.81	45.383	24.886

map_197
	XhoI	XhoI	11.317	28.871	14.231	71.874	55.145	2.763	37.516	2.107	3.698	2.894	16.741	60.041	36.938	19.058	4.897	5.321

map_198
	XhoI	XhoI	27.214	3.642	4.556	17.626	3.007	12.754	28.213	0.73	26.3	33.522	9.614	27.279	28.887	13.417	2.786	21.812	24.018	7.009	14.835	31.021

map_199
	XhoI	XhoI	4.455	18.627	28.582	1.557	2.506	1.913	11.641	15.44	8.697	6.17	45.312	4.218	15.062	20.234	12.854	12.396	48.964	34.111	55.638	56.159	48.165	2.099	13.095	111.629	66.318	59.256

map_200
	XhoI	XhoI	56.754	32.342	14.882	79.243	0.504	4.995	10.312	37.236	32.65	3.417	12.928	87.122	14.466	15.855	110.769	28.703	4.878	24.503	84.549	3.166	25.931	8.823

map_201
	XhoI	XhoI	15.638	68.447	70.083	30.152	24.183	11.068	3.284	6.952	28.481	19.404	44.525	38.583	36.019	76.733	2.822

map_202
	XhoI	XhoI	0.552	13.436	27.244	13.969	7.883	1.62	58.762	3.167	44.549	24.7	44.498	39.605	6.979

map_203
	XhoI	XhoI	1.096	4.687	32.319	18.488	17.26	10.482	42.73	37.485	6.481	29.06	4.547	14.475	60.323	13.128	12.437	19.199	8.085	17.715	41.118

map_204
	XhoI	XhoI	50.678	24.82	64.611	42.963	28.217	20.233	14.977	21.401	40.922	25.728	15.415	20.81	45.383	35.631	89.806	55.381	40.525	2.335	27.29	18.043	7.616	1.806	5.554	23.391	20.355

map_206
	XhoI	XhoI	24.011	28.887	13.417	2.786	21.812	24.018	7.009	14.835	72.12	9.739	10.36	64.508	11.884	18.627	28.582	1.557	2.506	1.913	11.641	15.44	8.697	6.17	45.312	4.218	15.062	20.234	12.854	12.396	48.964	34.111	55.638	56.159	28.832

map_207
	XhoI	XhoI	19.333	2.099	13.095	111.629	66.318	116.01	32.342	14.882	79.243	0.504	4.995	10.312	37.236	32.65	3.417	12.928	87.122	14.466	15.855	110.769	28.703	4.878	24.503	84.549	3.166	25.931	24.461	27.403

map_209
	XhoI	XhoI	23.146	44.498	39.605	8.075	4.687	32.319	18.488	17.26	10.482	42.73	37.485	5.301

map_210
	XhoI	XhoI	68.14	24.82	64.611	42.963	28.217	20.233	14.977	21.401	40.922	25.728	15.415	20.81	45.383	35.631	89.806	0.8

map_212
	XhoI	XhoI	51.569	36.938	19.058	4.897	32.535	3.642	4.556	17.626	3.007	12.754	28.213	0.73	26.3	33.522	9.614	27.279	28.887	13.417	2.786	21.812	24.018	7.009	14.835	72.12	9.739	10.36	64.508	11.884	18.627	28.582	1.557	2.506	1.913	9.363

map_213
	XhoI	XhoI	2.278	15.44	8.697	6.17	45.312	4.218	15.062	20.234	12.854	12.396	48.964	34.111	55.638	56.159	26.965

map_215
	XhoI	XhoI	18.183	32.342	14.882	79.243	0.504	4.995	10.312	37.236	32.65	3.417	12.928	87.122	14.466	15.855	110.769	28.703	4.878	24.503	84.549	3.166	25.931	24.461	68.447	70.083	30.152	24.183	11.068	3.284	6.952	28.481	19.404	44.525	38.583	36.019	76.733	3.374	13.436	27.244	13.969	7.883	1.62	58.762	3.167	44.549	24.7	44.498	39.605	8.075	4.687	32.319	18.488	17.26	10.482	42.73	37.485	6.481	29.06	4.547	14.475	60.323	13.128	12.437	19.199	8.085	17.715	7.552

map_216
	XhoI	XhoI	84.244	24.82	64.611	42.963	28.217	20.233	14.977	21.401	40.922	25.728	15.415	20.81	17.958

map_217
	XhoI	XhoI	27.425	35.631	89.806	55.381	40.525	2.335	27.29	18.043	7.616	1.806	5.554	23.391	23.605	28.27	24.142	27.238	8.511	6.776	24.921	1.462	5.108	24.335	11.058	27.07	43.326	15.185

map_219
	XhoI	XhoI	2.343	2.786	21.812	24.018	7.009	14.835	72.12	9.739	10.36	64.508	11.884	18.627	28.582	1.557	2.506	1.913	11.641	15.44	8.697	6.17	45.312	4.218	15.062	20.234	12.854	12.396	48.964	34.111	55.638	56.159	38.918

map_221
	XhoI	XhoI	15.097	30.152	24.183	11.068	3.284	6.952	28.481	19.404	44.525	38.583	36.019	76.733	3.374	13.436	27.244	13.969	7.088

map_222
	XhoI	XhoI	0.795	1.62	58.762	3.167	44.549	24.7	44.498	39.605	8.075	4.687	32.319	18.488	17.26	10.482	42.73	37.485	6.481	29.06	4.547	14.475	60.323	13.128	12.437	19.199	8.085	15.674

map_223
	XhoI	XhoI	2.041	91.796	24.82	64.611	42.963	28.217	20.233	14.977	21.401	40.922	25.728	15.415	20.81	45.383	35.631	89.806	55.381	40.525	2.335	27.29	11.809

map_224
	XhoI	XhoI	3.485	2.763	37.516	2.107	3.698	2.894	16.741	60.041	36.938	19.058	4.897	32.535	3.642	4.556	17.626	3.007	12.754	28.213	0.73	26.3	33.522	9.614	27.279	28.887	13.417	2.786	21.812	19.34

map_225
	XhoI	XhoI	4.678	7.009	14.835	72.12	9.739	10.36	64.508	11.884	18.627	28.582	1.557	2.506	1.913	11.641	15.44	8.697	6.17	44.744

map_226
	XhoI	XhoI	0.568	4.218	15.062	20.234	12.854	12.396	48.964	34.111	55.638	56.159	48.165	2.099	13.095	111.629	66.318	116.01	32.342	14.882	79.243	0.504	4.995	10.312	37.236	32.65	3.417	12.928	87.122	14.466	15.855	54.247

map_227
	XhoI	XhoI	37.46	3.166	25.931	24.461	68.447	70.083	30.152	24.183	11.068	3.284	6.952	28.481	19.404	44.525	38.583	36.019	76.733	3.374	13.436	27.244	13.969	7.883	1.62	58.762	3.167	41.631

map_228
	XhoI	XhoI	2.918	24.7	44.498	39.605	8.075	4.687	32.319	18.488	17.26	10.482	42.73	37.485	6.481	29.06	4.547	14.475	60.323	13.128	12.437	19.199	8.085	17.715	91.796	24.148

map_230
	XhoI	XhoI	35.631	89.806	55.381	40.525	2.335	27.29	18.043	7.616	1.806	5.554	23.391	23.605	28.27	24.142	27.238	8.511	6.776	24.921	1.462	5.108	24.335	11.058	27.07	43.326	49.95	51.518	16.481	37.904	4.946	35.071	17.61	58.586	28.871	14.231	8.245

map_231
	XhoI	XhoI	25.071	51.518	16.481	37.904	4.946	35.071	17.61	58.586	28.871	14.231	71.874	55.145	2.763	37.516	2.107	3.698	2.894	16.741	60.041	36.938	19.058	4.897	32.535	3.642	4.556	17.626	3.007	12.754	28.213	0.73	26.3	33.522	9.614	27.279	28.887	13.417	2.786	21.812	24.018	7.009	14.835	52.11

map_232
	XhoI	XhoI	40.519	34.111	55.638	56.159	48.165	2.099	13.095	111.629	66.318	116.01	32.342	14.882	79.243	0.504	4.995	10.312	37.236	32.65	3.417	12.928	36.741

map_233
	XhoI	XhoI	50.381	14.466	15.855	110.769	28.703	4.878	24.503	84.549	3.166	25.931	24.461	68.447	70.083	30.152	24.183	11.068	3.284	6.952	28.481	3.403

map_234
	XhoI	XhoI	8.827	24.7	44.498	39.605	8.075	4.687	32.319	18.488	17.26	10.482	42.73	27.962

map_235
	XhoI	XhoI	12.939	4.547	14.475	60.323	13.128	12.437	19.199	8.085	17.715	91.796	24.82	64.611	42.963	28.217	20.233	14.977	21.401	40.922	25.728	15.415	20.81	45.383	35.631	89.806	55.381	40.525	2.335	27.29	18.043	7.616	1.806	5.554	23.391	23.605	28.27	24.142	27.238	8.511	6.776	24.921	1.462	5.108	24.335	11.058	27.07	43.326	24.879

map_237
	XhoI	XhoI	14.298	33.522	9.614	27.279	28.887	13.417	2.786	21.812	24.018	7.009	14.835	72.12	9.739	10.36	64.508	11.884	18.627	28.582	1.557	2.506	1.913	11.641	15.44	8.697	6.17	45.312	4.218	15.062	20.234	12.854	12.396	48.964	34.111	55.638	56.159	48.165	2.099	13.095	111.629	66.318	116.01	32.342	14.882	79.243	0.504	2.504

map_238
	XhoI	XhoI	12.583	3.417	12.928	87.122	14.466	15.855	110.769	28.703	4.878	24.503	84.549	3.166	25.931	24.461	68.447	6.269

map_240
	XhoI	XhoI	6.585	7.883	1.62	58.762	3.167	44.549	24.7	44.498	39.605	8.075	4.687	32.319	18.488	17.26	10.482	42.73	37.485	6.481	29.06	4.547	14.475	60.323	13.128	12.437	19.199	8.085	17.715	91.796	24.82	64.611	42.963	28.217	20.233	14.977	21.401	40.922	5.436

map_241
	XhoI	XhoI	20.292	15.415	20.81	45.383	35.631	89.806	55.381	40.525	2.335	27.29	18.043	7.616	1.806	5.554	19.728

map_243
	XhoI	XhoI	20.792	19.058	4.897	32.535	3.642	4.556	17.626	3.007	12.754	28.213	0.73	26.3	33.522	9.614	27.279	28.887	13.417	2.786	21.812	24.018	7.009	14.835	25.948

map_244
	XhoI	XhoI	10.286	20.234	12.854	12.396	48.964	34.111	55.638	56.159	48.165	2.099	13.095	111.629	66.318	116.01	32.342	14.882	79.243	0.504	4.995	10.312	37.236	14.479

map_245
	XhoI	XhoI	109.274	28.703	4.878	24.503	84.549	3.166	25.931	24.461	68.447	70.083	30.152	24.183	11.068	3.284	6.952	28.481	19.404	44.525	38.583	36.019	76.733	3.374	13.436	27.244	13.969	7.883	1.62	58.762	3.167	44.549	24.7	44.498	39.605	8.075	4.687	32.319	18.488	17.26	10.482	42.73	37.485	6.481	29.06	4.547	14.475	60.323	13.128	12.437	19.199	8.085	17.715	91.796	24.82	52.861

map_246
	XhoI	XhoI	11.75	42.963	28.217	20.233	14.977	21.401	40.922	25.728	15.415	20.81	45.383	35.631	46.47

map_248
	XhoI	XhoI	6.015	4.946	35.071	17.61	58.586	28.871	14.231	71.874	55.145	2.763	37.516	2.107	3.698	2.894	16.741	60.041	36.938	8.371

map_249
	XhoI	XhoI	10.687	4.897	32.535	3.642	4.556	17.626	3.007	12.754	28.213	0.73	26.3	33.522	9.614	27.279	28.887	13.417	2.786	21.812	24.018	7.009	14.835	59.22

map_251
	XhoI	XhoI	7.135	14.882	79.243	0.504	4.995	10.312	37.236	32.65	3.417	12.928	87.122	14.466	15.855	110.769	28.703	4.878	24.503	35.238

map_252
	XhoI	XhoI	49.311	3.166	25.931	24.461	68.447	70.083	30.152	24.183	11.068	3.284	6.952	28.481	19.404	44.525	38.583	36.019	72.47

map_253
	XhoI	XhoI	4.263	3.374	13.436	27.244	13.969	7.883	1.62	58.762	3.167	44.549	24.7	44.498	39.605	8.075	4.687	32.319	18.488	17.26	10.482	42.73	37.485	6.481	29.06	4.547	14.475	60.323	13.128	12.437	19.199	8.085	17.715	91.796	24.82	64.611	42.963	28.217	20.233	14.977	21.401	40.922	25.728	15.415	20.81	45.383	35.631	89.806	55.381	40.525	2.335	27.29	18.043	7.616	1.806	5.554	23.391	23.605	28.27	24.142	24.721

map_256
	XhoI	XhoI	24.323	14.231	71.874	55.145	2.763	37.516	2.107	3.698	2.894	16.741	60.041	36.938	19.058	4.897	32.535	3.642	4.556	17.626	3.007	12.754	28.213	0.73	26.3	33.522	9.614	27.279	28.887	13.417	2.786	21.812	11.372

map_257
	XhoI	XhoI	0.776	1.913	11.641	15.44	8.697	6.17	45.312	4.218	15.062	20.234	12.854	12.396	48.964	34.111	55.638	56.159	48.165	2.099	13.095	70.337

map_258
	XhoI	XhoI	41.292	66.318	116.01	32.342	14.882	79.243	0.504	4.995	10.312	37.236	32.65	3.417	12.928	87.122	14.466	15.855	110.769	28.703	4.878	24.503	84.549	3.166	25.931	24.461	25.888

map_259
	XhoI	XhoI	42.559	70.083	30.152	24.183	11.068	3.284	6.952	28.481	19.404	44.525	38.583	36.019	76.733	3.374	13.436	27.244	13.969	7.883	1.62	58.762	2.246

map_260
	XhoI	XhoI	0.921	44.549	24.7	44.498	39.605	8.075	4.687	32.319	18.488	17.26	10.482	42.73	37.485	6.481	29.06	4.547	14.475	60.323	13.128	0.813

map_261
	XhoI	XhoI	11.624	19.199	8.085	17.715	91.796	24.82	64.611	42.963	28.217	20.233	14.977	21.401	40.922	25.728	15.415	20.81	45.383	35.631	89.806	1.08

map_264
	XhoI	XhoI	28.544	14.466	15.855	110.769	28.703	4.878	24.503	84.549	3.166	25.931	24.461	68.447	70.083	30.152	24.183	11.068	3.284	6.952	28.481	19.404	44.525	38.583	36.019	76.733	3.374	13.436	27.244	13.969	7.883	1.62	37.703

map_265
	XhoI	XhoI	21.059	3.167	44.549	24.7	44.498	39.605	8.075	4.687	32.319	18.488	17.26	10.482	42.73	37.485	6.481	29.06	3.295

map_266
	XhoI	XhoI	43.476	13.128	12.437	19.199	8.085	17.715	91.796	24.82	64.611	42.963	28.217	20.233	14.977	2.002

map_267
	XhoI	XhoI	10.028	35.631	89.806	55.381	40.525	2.335	27.29	18.043	7.616	1.806	5.554	23.391	23.605	28.27	24.142	27.238	8.511	6.776	24.921	1.462	5.108	24.335	11.058	27.07	43.326	49.95	51.518	16.481	37.904	4.946	35.071	17.61	58.586	28.871	14.231	71.874	55.145	2.763	37.516	2.107	3.698	2.894	16.741	60.041	36.938	19.058	4.897	32.535	3.642	4.556	17.626	3.007	12.754	28.213	0.73	26.3	33.522	9.614	27.279	28.887	13.417	2.786	21.812	24.018	7.009	14.835	72.12	9.739	10.36	64.508	11.884	18.627	28.582	1.557	2.506	1.913	11.641	15.44	8.697	6.17	45.312	4.218	15.062	19.178

map_268
	XhoI	XhoI	17.943	16.481	37.904	4.946	35.071	17.61	58.586	28.871	14.231	71.874	55.145	2.763	37.516	2.107	3.698	2.894	16.741	60.041	36.938	19.058	4.897	32.535	3.642	4.556	17.626	3.007	12.754	28.213	0.73	26.3	33.522	9.614	27.279	28.887	13.417	2.786	21.812	24.018	7.009	14.835	72.12	9.739	10.36	64.508	11.884	18.627	28.582	1.557	2.506	1.913	11.641	15.44	8.697	6.17	45.312	4.218	15.062	4.877

map_269
	XhoI	XhoI	15.978	2.099	13.095	111.629	66.318	116.01	32.342	14.882	79.243	0.504	4.995	10.312	37.236	25.604

map_271
	XhoI	XhoI	22.203	4.878	24.503	84.549	3.166	25.931	24.461	68.447	70.083	30.152	24.183	11.068	3.284	6.952	28.481	19.404	44.525	23.808

map_272
	XhoI	XhoI	14.775	36.019	76.733	3.374	13.436	27.244	13.969	7.883	1.62	58.762	3.167	44.549	24.7	44.498	39.605	8.075	4.687	32.319	18.488	17.26	10.482	42.73	37.485	6.481	29.06	4.547	13.796

map_273
	XhoI	XhoI	0.679	60.323	13.128	12.437	19.199	8.085	17.715	91.796	24.82	64.611	42.963	28.217	20.233	14.977	21.401	40.922	25.728	15.415	20.81	45.383	35.631	38.196

map_274
	XhoI	XhoI	51.61	55.381	40.525	2.335	27.29	18.043	7.616	1.806	5.554	23.391	23.605	28.27	24.142	27.238	8.511	6.776	24.921	1.462	5.108	24.335	11.058	27.07	3.028

map_275
	XhoI	XhoI	2.539	18.627	28.582	1.557	2.506	1.913	11.641	15.44	8.697	6.17	45.312	4.218	15.062	20.234	12.854	12.396	48.964	34.111	36.581

map_276
	XhoI	XhoI	37.782	48.165	2.099	13.095	111.629	66.318	116.01	32.342	14.882	79.243	0.504	4.995	10.312	37.236	32.65	3.417	12.928	87.122	14.466	15.855	110.769	28.703	4.878	24.503	84.549	3.166	25.931	24.461	68.447	70.083	30.152	24.183	11.068	3.284	6.952	28.481	19.404	44.525	38.583	16.762

map_277
	XhoI	XhoI	19.257	76.733	3.374	13.436	27.244	13.969	7.883	1.62	58.762	3.167	44.549	24.7	44.498	39.605	8.075	4.687	32.319	18.488	17.26	10.482	18.432

map_278
	XhoI	XhoI	18.267	24.82	64.611	42.963	28.217	20.233	14.977	21.401	40.922	25.728	15.415	20.81	45.383	35.631	89.806	55.381	40.525	2.335	27.29	18.043	7.616	1.806	5.554	23.391	23.605	28.27	24.142	27.238	8.511	6.776	24.921	1.462	5.108	24.335	11.058	27.07	43.326	49.95	51.518	16.481	37.904	4.946	35.071	17.61	58.586	28.871	14.231	71.874	55.145	2.763	37.516	2.107	3.698	2.894	16.741	60.041	36.938	19.058	4.897	32.535	3.642	4.556	17.626	3.007	12.754	28.213	0.73	26.3	33.522	9.614	27.279	28.887	13.417	2.786	21.812	24.018	7.009	14.835	72.12	9.739	10.36	9.037

map_280
	XhoI	XhoI	0.548	28.887	13.417	2.786	21.812	24.018	7.009	14.835	72.12	9.739	10.36	64.508	11.884	18.627	28.582	1.557	2.506	1.913	11.641	15.44	8.697	6.17	45.312	4.218	15.062	20.234	12.854	12.396	48.964	34.111	55.638	56.159	4.862

map_281
	XhoI	XhoI	43.303	2.099	13.095	111.629	66.318	116.01	32.342	14.882	79.243	0.504	4.995	10.312	37.236	32.65	3.417	12.928	87.122	14.466	15.855	110.769	28.703	4.878	9.512

map_282
	XhoI	XhoI	51.482	70.083	30.152	24.183	11.068	3.284	6.952	28.481	19.404	44.525	38.583	36.019	76.733	3.374	13.436	27.244	13.969	7.883	1.62	58.762	3.167	44.549	24.7	28.945

map_283
	XhoI	XhoI	15.553	39.605	8.075	4.687	32.319	18.488	17.26	10.482	42.73	37.485	6.481	29.06	4.547	14.475	60.323	0.968

map_285
	XhoI	XhoI	16.364	40.922	25.728	15.415	20.81	45.383	35.631	89.806	55.381	40.525	2.335	27.29	18.043	7.616	1.806	5.554	23.391	23.605	28.27	24.142	27.238	8.511	3.716

map_287
	XhoI	XhoI	5.907	16.481	37.904	4.946	35.071	17.61	58.586	28.871	14.231	71.874	55.145	2.763	37.516	2.107	3.698	2.894	16.741	60.041	36.938	19.058	4.897	23.303

map_288
	XhoI	XhoI	20.987	9.614	27.279	28.887	13.417	2.786	21.812	24.018	7.009	14.835	72.12	9.739	10.36	64.508	11.884	18.627	28.582	1.557	2.506	1.913	11.641	15.44	1.142

map_289
	XhoI	XhoI	41.537	34.111	55.638	56.159	48.165	2.099	13.095	111.629	66.318	116.01	32.342	14.882	79.243	0.504	4.995	10.312	37.236	32.65	3.417	12.928	87.122	14.466	15.855	110.769	28.703	4.878	24.503	84.549	3.166	25.931	5.079

map_290
	XhoI	XhoI	8.871	30.152	24.183	11.068	3.284	6.952	28.481	19.404	44.525	38.583	36.019	76.733	3.374	13.436	27.244	13.969	7.883	1.62	58.762	3.167	36.323

map_291
	XhoI	XhoI	8.226	24.7	44.498	39.605	8.075	4.687	32.319	18.488	17.26	10.482	42.73	37.485	6.481	29.06	4.547	14.475	60.323	13.128	12.437	19.199	8.085	17.715	91.796	24.82	64.611	42.963	28.217	20.233	14.977	21.401	40.922	25.728	15.415	20.81	45.383	35.631	89.806	55.381	40.525	2.335	27.29	18.043	7.616	1.806	5.554	5.607

map_292
	XhoI	XhoI	2.858	28.582	1.557	2.506	1.913	11.641	15.44	8.697	6.17	45.312	4.218	15.062	20.234	12.854	12.396	48.964	34.111	2.817

map_293
	XhoI	XhoI	52.821	56.159	48.165	2.099	13.095	111.629	66.318	116.01	32.342	14.882	79.243	0.504	4.995	10.312	37.236	32.65	3.417	12.928	87.122	14.466	15.855	110.769	28.703	4.878	24.503	84.549	3.166	25.931	24.461	68.447	70.083	30.152	24.183	11.068	3.284	6.952	28.481	19.404	44.525	38.583	36.019	13.642

map_294
	XhoI	XhoI	63.091	3.374	13.436	27.244	13.969	7.883	1.62	58.762	3.167	44.549	24.7	44.498	39.605	8.075	4.687	32.319	18.488	17.26	10.482	42.73	37.485	6.481	29.06	4.547	14.475	60.323	13.128	12.114

map_295
	XhoI	XhoI	19.199	8.085	17.715	91.796	24.82	64.611	42.963	28.217	20.233	14.977	21.401	40.922	25.728	15.415	20.81	45.383	35.631	3.184

map_296
	XhoI	XhoI	86.622	55.381	40.525	2.335	27.29	18.043	7.616	1.806	5.554	23.391	23.605	28.27	24.142	27.238	8.511	6.776	24.921	1.462	5.108	24.335	11.058	27.07	43.326	49.95	51.518	16.481	37.904	4.946	35.071	17.61	58.586	28.871	14.231	71.874	55.145	2.763	37.516	2.107	3.698	2.894	16.741	10.522

map_298
	XhoI	XhoI	34.603	4.946	35.071	17.61	58.586	28.871	14.231	71.874	55.145	2.763	37.516	2.107	3.698	2.894	16.741	60.041	36.938	19.058	4.897	32.535	3.642	4.556	17.626	3.007	12.754	28.213	0.73	26.3	33.522	9.614	27.279	21.67

map_299
	XhoI	XhoI	7.217	13.417	2.786	21.812	24.018	7.009	14.835	72.12	9.739	10.36	64.508	11.884	18.627	28.582	1.557	2.506	1.913	11.641	15.44	8.697	6.17	45.312	4.218	15.062	20.234	12.854	12.396	48.964	34.111	55.638	56.159	48.165	2.099	13.095	111.629	66.318	116.01	32.342	14.882	79.243	0.504	4.995	10.312	37.236	32.65	3.417	4.438

map_300
	XhoI	XhoI	8.49	87.122	14.466	15.855	110.769	28.703	4.878	24.503	84.549	3.166	25.931	24.461	68.447	70.083	30.152	24.183	11.068	3.284	6.952	28.481	19.404	44.525	38.583	36.019

map_301
	XhoI	XhoI	13.796	7.883	1.62	58.762	3.167	44.549	24.7	44.498	39.605	8.075	4.687	32.319	18.488	17.26	10.482	35.118

map_302
	XhoI	XhoI	7.612	37.485	6.481	29.06	4.547	14.475	60.323	13.128	12.437	19.199	8.085	17.715	91.796	24.82	64.611	42.963	28.217	20.233	14.977	21.401	40.922	25.728	15.415	20.81	11.269

map_305
	XhoI	XhoI	33.309	2.763	37.516	2.107	3.698	2.894	16.741	60.041	36.938	19.058	4.897	32.535	3.642	4.556	17.626	3.007	12.754	28.213	0.73	26.3	22.299

map_306
	XhoI	XhoI	11.223	9.614	27.279	28.887	13.417	2.786	21.812	24.018	7.009	14.835	72.12	9.739	10.36	64.508	11.884	18.627	28.582	1.557	2.506	1.913	11.641	15.44	8.697	6.17	21.025

map_307
	XhoI	XhoI	24.287	4.218	15.062	20.234	12.854	12.396	48.964	34.111	55.638	56.159	48.165	2.099	13.095	111.629	66.318	116.01	32.342	14.882	79.243	0.504	4.995	10.312	37.236	32.65	3.417	12.928	32.59

map_310
	XhoI	XhoI	24.476	38.583	36.019	76.733	3.374	13.436	27.244	13.969	7.883	1.62	58.762	3.167	44.549	24.7	44.498	39.605	8.075	4.687	32.319	18.488	17.26	10.482	42.73	37.485	6.481	29.06	4.547	14.475	60.323	13.128	12.437	19.199	8.085	17.715	12.954

map_311
	XhoI	XhoI	78.842	24.82	64.611	42.963	28.217	20.233	14.977	21.401	40.922	25.728	15.415	20.81	45.383	35.631	89.806	55.381	40.525	2.335	27.29	18.043	7.616	1.806	5.554	23.391	23.605	28.27	24.142	27.238	8.511	6.548

map_313
	XhoI	XhoI	7.659	19.058	4.897	32.535	3.642	4.556	17.626	3.007	12.754	28.213	0.73	26.3	33.522	9.614	27.279	28.887	13.417	2.786	16.441

map_314
	XhoI	XhoI	7.238	7.009	14.835	72.12	9.739	10.36	64.508	11.884	18.627	28.582	1.557	2.506	1.913	11.641	15.44	8.697	6.17	45.312	4.218	15.062	20.234	12.854	12.396	48.964	29.944

map_315
	XhoI	XhoI	4.167	55.638	56.159	48.165	2.099	13.095	111.629	66.318	116.01	32.342	14.882	79.243	0.504	4.995	10.312	37.236	32.65	3.417	12.928	87.122	14.466	15.855	1.148

map_317
	XhoI	XhoI	49.475	70.083	30.152	24.183	11.068	3.284	6.952	28.481	19.404	44.525	38.583	36.019	76.733	3.374	13.436	27.244	13.969	7.883	1.62	58.762	3.167	44.549	24.7	44.498	39.605	8.075	4.687	32.319	18.488	17.26	10.482	42.73	37.485	6.481	29.06	4.547	14.475	60.323	13.128	12.437	19.199	8.085	17.715	91.796	24.82	64.611	42.963	28.217	20.233	14.977	21.401	40.922	25.728	15.415	20.81	19.27

map_321
	XhoI	XhoI	6.023	0.73	26.3	33.522	9.614	27.279	28.887	13.417	2.786	21.812	24.018	7.009	14.835	72.12	9.739	10.36	64.508	11.884	4.459

map_322
	XhoI	XhoI	14.168	28.582	1.557	2.506	1.913	11.641	15.44	8.697	6.17	45.312	4.218	15.062	20.234	12.854	12.396	48.964	34.111	55.638	56.159	48.165	2.099	13.095	55.927

map_324
	XhoI	XhoI	2.124	79.243	0.504	4.995	10.312	37.236	32.65	3.417	12.928	87.122	14.466	15.855	110.769	28.703	4.878	24.503	84.549	3.166	25.931	24.461	29.771

map_325
	XhoI	XhoI	9.668	11.068	3.284	6.952	28.481	19.404	44.525	38.583	36.019	76.733	3.374	13.436	27.244	13.969	7.883	1.62	58.762	3.167	44.549	24.7	44.498	39.605	8.075	4.687	32.319	18.488	17.26	10.482	42.73	37.485	6.481	29.06	4.547	14.475	52.516

map_326
	XhoI	XhoI	7.807	13.128	12.437	19.199	8.085	17.715	91.796	24.82	64.611	42.963	28.217	20.233	14.977	21.401	40.922	25.728	15.415	20.81	45.383	35.631	89.806	55.381	40.525	2.335	27.29	18.043	7.616	1.806	5.554	23.391	23.605	28.27	24.142	27.238	8.511	6.776	24.921	1.462	5.108	24.335	11.058	27.07	23.097

map_328
	XhoI	XhoI	45.676	2.763	37.516	2.107	3.698	2.894	16.741	60.041	36.938	19.058	4.897	32.535	3.642	4.556	17.626	3.007	12.754	15.348

map_329
	XhoI	XhoI	12.865	0.73	26.3	33.522	9.614	27.279	28.887	13.417	2.786	21.812	24.018	7.009	14.835	72.12	9.739	10.36	64.508	11.884	18.627	28.582	1.557	2.506	1.913	11.641	15.44	8.697	6.17	45.312	4.218	15.062	20.234	12.854	12.396	48.964	34.111	7.381

map_330
	XhoI	XhoI	52.262	48.165	2.099	13.095	111.629	66.318	116.01	32.342	14.882	79.243	0.504	4.995	10.312	37.236	32.65	3.417	12.928	87.122	14.466	2.062

map_331
	XhoI	XhoI	13.793	110.769	28.703	4.878	24.503	84.549	3.166	25.931	24.461	68.447	70.083	30.152	24.183	11.068	3.284	6.952	10.437

map_332
	XhoI	XhoI	32.136	76.733	3.374	13.436	27.244	13.969	7.883	1.62	58.762	3.167	44.549	24.7	44.498	39.605	8.075	4.687	32.319	18.488	17.26	10.482	42.73	37.485	6.481	13.074

map_333
	XhoI	XhoI	48.455	13.128	12.437	19.199	8.085	17.715	91.796	24.82	64.611	42.963	28.217	20.233	14.977	21.401	40.922	25.728	15.415	20.81	45.383	35.631	89.806	55.381	40.525	2.335	27.29	18.043	7.616	1.806	5.554	23.391	23.605	28.27	24.142	27.238	8.511	6.776	24.921	1.462	5.108	24.335	11.058	27.07	43.326	27.089

map_335
	XhoI	XhoI	15.241	19.058	4.897	32.535	3.642	4.556	17.626	3.007	12.754	28.213	0.73	26.3	33.522	9.614	27.279	28.887	13.417	2.786	21.812	24.018	7.009	14.835	72.12	9.739	10.36	64.508	11.884	18.627	28.582	1.557	2.506	1.913	11.641	15.44	8.697	6.17	45.312	4.218	15.062	20.234	12.854	12.396	48.964	34.111	55.638	56.159	48.165	2.099	13.095	111.629	66.318	7.099

map_336
	XhoI	XhoI	16.212	14.466	15.855	110.769	28.703	4.878	24.503	84.549	3.166	25.931	24.461	68.447	70.083	30.152	24.183	11.068	3.284	6.952	28.481	19.404	44.525	15.162

map_337
	XhoI	XhoI	31.513	3.374	13.436	27.244	13.969	7.883	1.62	58.762	3.167	44.549	24.7	44.498	39.605	8.075	4.687	32.319	18.488	17.26	10.482	42.73	37.485	6.481	29.06	4.547	14.475	60.323	13.128	12.437	19.199	8.085	17.715	91.796	24.82	64.611	42.963	28.217	20.233	14.977	21.401	40.922	25.728	15.415	20.81	45.383	35.631	89.806	55.381	40.525	2.335	2.546

map_339
	XhoI	XhoI	4.332	28.887	13.417	2.786	21.812	24.018	7.009	14.835	72.12	9.739	10.36	64.508	11.884	18.627	28.582	1.557	2.506	1.913	11.641	15.44	8.697	6.17	45.312	4.218	15.062	20.234	12.854	12.396	39.59

map_340
	XhoI	XhoI	37.43	48.165	2.099	13.095	111.629	66.318	116.01	32.342	14.882	79.243	0.504	4.995	10.312	37.236	32.65	3.417	12.928	87.122	14.466	15.855	110.769	28.703	4.878	16.696

map_341
	XhoI	XhoI	26.481	70.083	30.152	24.183	11.068	3.284	6.952	28.481	19.404	44.525	38.583	36.019	76.733	3.374	13.436	27.244	13.969	7.883	1.62	58.762	3.167	44.549	24.7	44.498	39.605	8.075	4.687	32.319	18.488	17.26	10.482	42.73	37.485	6.481	29.06	4.547	14.475	60.323	13.128	12.437	19.199	8.085	17.715	91.796	24.82	64.611	42.963	28.217	20.233	14.977	21.401	40.922	25.728	15.415	20.81	45.383	35.631	89.806	39.36

map_342
	XhoI	XhoI	0.992	24.335	11.058	27.07	43.326	49.95	51.518	16.481	37.904	4.946	35.071	17.61	58.586	28.871	14.231	71.874	55.145	2.763	13.372

map_343
	XhoI	XhoI	24.144	2.107	3.698	2.894	16.741	60.041	36.938	19.058	4.897	32.535	3.642	4.556	17.626	3.007	12.754	28.213	0.73	26.3	33.522	9.614	27.279	28.887	8.882

map_344
	XhoI	XhoI	4.535	2.786	21.812	24.018	7.009	14.835	72.12	9.739	10.36	64.508	11.884	11.923

map_345
	XhoI	XhoI	4.159	45.312	4.218	15.062	20.234	12.854	12.396	48.964	34.111	55.638	56.159	48.165	2.099	13.095	111.629	66.318	91.342

map_346
	XhoI	XhoI	24.668	32.342	14.882	79.243	0.504	4.995	10.312	37.236	32.65	3.417	12.928	87.122	14.466	15.855	82.853

map_348
	XhoI	XhoI	24.053	70.083	30.152	24.183	11.068	3.284	6.952	28.481	19.404	44.525	38.583	36.019	76.733	3.374	13.436	27.244	13.969	7.883	1.62	58.762	3.167	44.549	24.7	44.498	39.605	8.075	4.687	32.319	18.488	17.26	10.482	42.73	37.485	6.481	29.06	4.547	14.475	28.869

map_349
	XhoI	XhoI	40.185	42.963	28.217	20.233	14.977	21.401	40.922	25.728	15.415	20.81	45.383	35.631	89.806	55.381	40.525	2.335	27.29	18.043	7.616	1.806	5.554	23.391	23.605	28.27	24.142	27.238	8.511	6.776	24.921	1.462	4.116

map_350
	XhoI	XhoI	36.647	2.763	37.516	2.107	3.698	2.894	16.741	60.041	36.938	19.058	4.897	32.535	3.642	4.556	17.626	3.007	12.754	28.213	0.73	26.3	33.522	9.614	27.279	28.887	13.417	2.786	21.812	24.018	7.009	14.835	72.12	9.739	10.36	64.508	11.884	18.627	28.582	1.557	2.506	1.913	3.792

map_351
	XhoI	XhoI	45.117	56.159	48.165	2.099	13.095	111.629	66.318	116.01	32.342	14.882	79.243	0.504	4.995	10.312	37.236	32.65	3.417	12.928	87.122	14.466	15.855	110.769	28.703	4.878	24.503	84.549	3.166	25.931	24.461	15.666

map_352
	XhoI	XhoI	12.084	44.525	38.583	36.019	76.733	3.374	13.436	27.244	13.969	7.883	1.62	58.762	3.167	44.549	24.7	44.498	39.605	8.075	4.687	5.302

map_353
	XhoI	XhoI	2.589	60.323	13.128	12.437	19.199	8.085	17.715	91.796	24.82	64.611	42.963	28.217	17.643

map_354
	XhoI	XhoI	22.848	25.728	15.415	20.81	45.383	35.631	89.806	55.381	40.525	2.335	27.29	18.043	7.616	1.806	5.554	23.391	23.605	28.27	24.142	27.238	8.511	6.776	24.921	1.462	5.108	24.335	11.058	27.07	43.326	49.95	51.518	16.481	37.904	4.946	35.071	17.61	58.586	28.871	14.231	71.874	18.498

map_355
	XhoI	XhoI	12.704	3.007	12.754	28.213	0.73	26.3	33.522	9.614	27.279	28.887	13.417	2.786	21.812	24.018	7.009	14.835	72.12	9.739	10.36	64.508	11.884	18.627	28.582	1.557	2.506	1.913	11.641	15.44	8.697	6.17	45.312	4.218	15.062	20.234	12.854	1.944

map_358
	XhoI	XhoI	14.138	24.183	11.068	3.284	6.952	28.481	19.404	44.525	38.583	36.019	76.733	3.374	13.436	13.073

map_359
	XhoI	XhoI	14.171	13.969	7.883	1.62	58.762	3.167	44.549	24.7	44.498	39.605	8.075	4.687	32.319	18.488	17.26	10.482	42.73	37.485	6.481	29.06	4.547	14.475	60.323	13.128	12.437	19.199	8.085	17.715	91.796	19.812

map_360
	XhoI	XhoI	5.008	64.611	42.963	28.217	20.233	14.977	21.401	40.922	25.728	15.415	20.81	45.383	35.631	89.806	55.381	40.525	2.335	27.29	18.043	7.616	1.806	5.554	23.391	23.605	28.27	24.142	27.238	8.511	6.776	24.921	1.462	5.108	24.335	11.058	27.07	43.326	49.95	51.518	16.481	37.904	4.946	35.071	17.61	58.586	28.871	14.231	71.874	55.145	2.763	37.516	2.107	3.698	2.894	16.741	60.041	36.938	19.058	4.897	32.535	3.642	4.556	4.922

map_361
	XhoI	XhoI	8.987	2.107	3.698	2.894	16.741	60.041	36.938	19.058	4.897	32.535	3.642	4.556	17.626	3.007	12.754	28.213	0.73	26.3	33.522	9.614	27.279	28.887	13.417	2.786	21.812	24.018	7.009	14.835	72.12	9.739	10.36	64.508	11.884	18.627	28.582	1.557	2.506	1.913	11.641	15.44	8.697	6.17	45.312	4.218	15.062	20.234	12.854	12.396	48.964	34.111	14.448

map_363
	XhoI	XhoI	114.777	32.342	14.882	79.243	0.504	4.995	10.312	37.236	32.65	3.417	12.928	87.122	14.466	15.855	110.769	28.703	4.878	24.503	84.549	3.166	25.931	24.461	68.447	27.827

map_364
	XhoI	XhoI	18.088	19.404	44.525	38.583	36.019	76.733	3.374	13.436	27.244	13.969	7.883	1.62	58.762	3.167	44.549	24.7	44.498	39.605	8.075	4.687	32.319	18.488	14.76

map_365
	XhoI	XhoI	41.763	42.963	28.217	20.233	14.977	21.401	40.922	25.728	15.415	20.81	45.383	35.631	89.806	55.381	40.525	2.335	27.29	18.043	7.616	1.806	5.554	23.391	23.605	28.27	24.142	27.238	8.511	6.776	24.921	1.462	5.108	24.335	11.058	27.07	43.326	49.95	51.518	16.481	37.904	4.946	35.071	17.61	58.586	28.871	14.231	71.874	55.145	2.763	28.529

map_366
	XhoI	XhoI	1.256	71.874	55.145	2.763	37.516	2.107	3.698	2.894	16.741	60.041	36.938	19.058	4.897	32.535	3.642	4.556	17.626	3.007	12.754	28.213	0.73	26.3	33.522	9.614	27.279	28.887	13.417	2.786	5.659

map_367
	XhoI	XhoI	16.153	24.018	7.009	14.835	72.12	9.739	10.36	64.508	11.884	18.627	28.582	1.557	2.506	1.913	11.641	15.44	8.697	6.17	45.312	4.218	15.062	20.234	12.854	12.396	48.964	34.111	55.638	56.159	48.165	2.099	13.095	111.629	66.318	116.01	32.342	1.985

map_368
	XhoI	XhoI	54.266	0.504	4.995	10.312	37.236	32.65	3.417	12.928	87.122	14.466	15.855	110.769	12.26

map_369
	XhoI	XhoI	2.687	6.952	28.481	19.404	44.525	38.583	36.019	76.733	3.374	13.436	27.244	13.969	7.883	1.62	58.762	3.167	44.549	18.888

map_370
	XhoI	XhoI	5.812	44.498	39.605	8.075	4.687	32.319	18.488	17.26	10.482	42.73	37.485	6.481	29.06	4.547	6.369

map_371
	XhoI	XhoI	8.106	60.323	13.128	12.437	19.199	8.085	17.715	91.796	24.82	64.611	42.963	28.217	20.233	14.977	21.401	40.922	25.728	15.415	20.81	45.383	35.631	89.806	55.381	40.525	2.335	27.29	18.043	7.616	1.806	5.554	23.391	23.605	28.27	24.142	27.238	8.511	6.776	24.921	1.462	5.108	24.335	11.058	27.07	43.326	49.95	33.329

map_374
	XhoI	XhoI	6.344	3.642	4.556	17.626	3.007	12.754	28.213	0.73	26.3	33.522	9.614	27.279	28.887	13.417	2.786	21.812	24.018	7.009	14.835	72.12	9.739	10.36	64.508	11.884	18.627	28.582	1.557	2.506	1.913	11.641	15.44	8.697	6.17	45.312	4.218	15.062	20.234	12.854	12.396	48.964	34.111	55.638	56.159	48.165	2.099	13.095	111.629	3.974

map_375
	XhoI	XhoI	62.344	116.01	32.342	14.882	79.243	0.504	4.995	10.312	37.236	32.65	3.417	12.928	87.122	14.466	15.855	110.769	28.703	4.878	24.503	84.549	3.166	25.931	24.461	68.447	70.083	30.152	24.183	11.068	3.284	6.952	28.481	19.404	44.525	9.684

map_376
	XhoI	XhoI	7.667	7.883	1.62	58.762	3.167	44.549	24.7	44.498	39.605	8.075	4.687	32.319	18.488	17.26	10.482	13.493

map_377
	XhoI	XhoI	29.237	37.485	6.481	29.06	4.547	14.475	60.323	13.128	12.437	19.199	8.085	17.715	91.796	24.82	64.611	42.963	28.217	20.233	14.977	21.401	40.922	25.728	15.415	20.81	45.383	35.631	89.806	55.381	40.525	2.335	27.29	18.043	7.616	1.806	5.554

map_378
	XhoI	XhoI	2.314	37.904	4.946	35.071	17.61	58.586	28.871	14.231	71.874	55.145	2.763	37.516	2.107	3.698	2.894	16.741	60.041	36.938	19.058	4.897	32.535	3.642	4.556	17.626	3.007	12.754	28.213	0.73	26.3	33.522	9.614	27.279	2.418

map_379
	XhoI	XhoI	2.815	10.36	64.508	11.884	18.627	28.582	1.557	2.506	1.913	11.641	15.44	8.697	6.17	45.312	4.218	15.062	20.234	12.854	12.396	32.507

map_382
	XhoI	XhoI	10.034	32.65	3.417	12.928	87.122	14.466	15.855	110.769	28.703	4.878	24.503	84.549	3.166	25.931	24.461	68.447	70.083	30.152	24.183	11.068	3.284	6.952	28.481	19.404	44.525	17.939

map_383
	XhoI	XhoI	20.644	36.019	76.733	3.374	13.436	27.244	13.969	7.883	1.62	58.762	3.167	44.549	24.7	44.498	39.605	8.075	4.687	32.319	18.488	17.26	10.482	42.73	37.485	6.481	29.06	4.547	14.475	43.641

map_384
	XhoI	XhoI	16.682	13.128	12.437	19.199	8.085	17.715	91.796	24.82	64.611	42.963	28.217	20.233	14.977	21.401	40.922	25.728	15.415	20.81	45.383	35.631	89.806	55.381	40.525	2.335	27.29	18.043	7.616	1.806	5.554	23.391	23.605	28.27	24.142	27.238	8.511	6.776	24.921	1.462	5.108	24.335	11.058	27.07	43.326	49.95	39.063

map_386
	XhoI	XhoI	41.935	36.938	19.058	4.897	32.535	3.642	4.556	17.626	3.007	12.754	28.213	0.73	26.3	33.522	9.614	14.626

map_387
	XhoI	XhoI	44.017	9.739	10.36	64.508	11.884	18.627	28.582	1.557	2.506	1.913	11.641	15.44	8.697	6.17	45.312	4.218	15.062	20.234	12.854	12.396	48.964	34.111	55.638	56.159	48.165	2.099	13.095	111.629	66.318	116.01	32.342	14.882	79.243	0.504	4.995	10.312	37.236	32.65	3.417	12.928	87.122	14.466	15.855	110.769	28.703	4.878	9.924

map_388
	XhoI	XhoI	31.037	70.083	30.152	24.183	11.068	3.284	6.952	28.481	19.404	44.525	38.583	36.019	76.733	3.374	13.436	27.244	13.969	7.883	1.62	58.762	3.167	44.549	24.7	44.498	39.605	8.075	4.687	32.319	18.488	17.26	10.482	42.73	37.485	6.481	29.06	4.547	14.475	60.323	13.128	12.437	19.199	8.085	17.715	91.796	24.82	64.611	42.963	28.217	6.856

map_389
	XhoI	XhoI	9.998	71.874	55.145	2.763	37.516	2.107	3.698	2.894	16.741	60.041	36.938	19.058	4.897	32.535	3.642	4.556	17.626	3.007	12.754	24.981

map_390
	XhoI	XhoI	3.232	0.73	26.3	33.522	9.614	27.279	28.887	13.417	2.786	21.812	24.018	7.009	14.835	72.12	9.739	10.36	64.508	11.884	18.627	28.582	1.557	2.506	1.913	11.641	15.44	8.697	6.17	45.312	4.218	4.537

map_393
	XhoI	XhoI	34.421	14.466	15.855	110.769	28.703	4.878	24.503	84.549	3.166	25.931	24.461	68.447	70.083	30.152	24.183	11.068	3.284	6.952	28.481	19.404	44.525	38.583	36.019	76.733	3.374	13.436	27.244	13.969	7.883	1.62	58.762	3.167	44.549	24.7	38.848

map_394
	XhoI	XhoI	7.389	19.199	8.085	17.715	91.796	24.82	64.611	42.963	28.217	20.233	14.977	21.401	40.922	25.728	15.415	20.81	45.383	35.631	89.806	55.381	40.525	2.335	27.29	18.043	7.616	1.806	5.554	23.391	23.605	28.27	24.142	27.238	8.511	6.776	24.921	1.462	5.108	24.335	11.058	27.07	43.326	49.95	51.518	16.481	37.904	4.946	35.071	17.61	58.586	28.871	4.233

map_396
	XhoI	XhoI	12.402	37.904	4.946	35.071	17.61	58.586	28.871	14.231	71.874	55.145	2.763	37.516	2.107	3.698	2.894	16.741	60.041	36.938	19.058	4.897	32.535	3.642	4.556	17.626	3.007	12.754	28.213	0.73	26.3	33.522	9.614	27.279	28.887	13.417	2.786	20.281

map_397
	XhoI	XhoI	1.531	24.018	7.009	14.835	72.12	9.739	10.36	64.508	11.884	18.627	28.582	1.557	2.506	1.913	11.641	15.44	8.697	3.076

map_398
	XhoI	XhoI	3.094	45.312	4.218	15.062	20.234	12.854	12.396	48.964	34.111	55.638	56.159	48.165	2.099	13.095	111.629	66.318	116.01	32.342	14.882	79.243	0.504	4.995	10.312	37.236	32.65	3.417	12.928	87.122	14.466	15.855	110.769	28.703	4.878	24.503	84.549	3.166	25.931	24.461	8.665

map_399
	XhoI	XhoI	59.782	70.083	30.152	24.183	11.068	3.284	6.952	28.481	19.404	44.525	38.583	36.019	76.733	3.374	13.436	27.244	13.969	7.883	1.62	58.762	3.167	35.205

map_400
	XhoI	XhoI	9.344	24.7	44.498	39.605	8.075	4.687	32.319	18.488	17.26	10.482	42.73	26.745

map_401
	XhoI	XhoI	10.74	6.481	29.06	4.547	14.475	60.323	13.128	12.437	19.199	8.085	17.715	91.796	24.82	17.866

map_402
	XhoI	XhoI	14.762	42.963	28.217	20.233	14.977	21.401	40.922	25.728	15.415	20.81	45.383	35.631	89.806	55.381	40.525	2.335	1.063

map_403
	XhoI	XhoI	11.386	49.95	51.518	16.481	37.904	4.946	35.071	17.61	58.586	28.871	14.231	71.874	55.145	2.763	37.516	2.107	3.698	2.894	16.741	30.554

map_404
	XhoI	XhoI	29.487	36.938	19.058	4.897	32.535	3.642	4.556	17.626	3.007	12.754	28.213	0.73	26.3	33.522	9.614	27.279	28.887	13.417	2.786	21.812	24.018	7.009	4.02

map_405
	XhoI	XhoI	40.1	9.739	10.36	64.508	11.884	18.627	28.582	1.557	2.506	1.913	11.641	15.44	8.697	6.17	45.312	4.218	15.062	20.234	12.854	12.396	48.964	34.111	55.638	56.159	32.602

map_406
	XhoI	XhoI	86.101	32.342	14.882	79.243	0.504	4.995	10.312	37.236	32.65	3.417	12.928	87.122	14.466	15.855	110.769	28.703	4.878	24.503	84.549	3.166	25.931	24.461	68.447	70.083	30.152	24.183	11.068	3.284	6.906

map_407
	XhoI	XhoI	20.035	3.374	13.436	27.244	13.969	7.883	1.62	58.762	3.167	44.549	24.7	44.498	39.605	8.075	4.687	32.319	18.488	17.26	10.482	42.73	37.485	6.481	29.06	4.547	14.475	60.323	13.128	12.437	19.199	8.085	17.715	91.796	24.82	64.611	42.963	28.217	20.233	14.977	21.401	40.922	25.728	15.415	20.81	4.524

map_408
	XhoI	XhoI	40.859	35.631	89.806	55.381	40.525	2.335	27.29	18.043	7.616	1.806	5.554	23.391	23.605	28.27	24.142	27.238	8.511	6.776	17.079

map_409
	XhoI	XhoI	28.213	0.73	26.3	33.522	9.614	27.279	28.887	13.417	2.786	21.812	24.018	7.009	14.835	72.12	9.739	10.36	64.508	11.884	18.627	28.582	1.557	2.506	1.913	11.641	15.44	8.697	6.17	45.312	4.218	15.062	20.234	12.854	12.396	48.964	34.111	55.638	56.159	48.165	2.099	13.095	111.629	66.318	27.218

map_411
	XhoI	XhoI	3.166	25.931	24.461	68.447	70.083	30.152	24.183	11.068	3.284	6.952	28.481	19.404	44.525	38.583	36.019	6.322

map_412
	XhoI	XhoI	19.88	24.7	44.498	39.605	8.075	4.687	32.319	18.488	17.26	10.482	42.73	30.222

map_413
	XhoI	XhoI	1.405	29.06	4.547	14.475	60.323	13.128	12.437	19.199	8.085	17.715	91.796	24.82	64.611	42.963	28.217	20.233	14.977	21.401	40.922	25.728	15.415	20.81	45.383	35.631	89.806	55.381	40.525	2.335	27.29	18.043	7.616	1.806	5.554	23.391	23.605	28.27	24.142	27.238	8.511	6.776	24.921	1.462	5.108	24.335	11.058	27.07	43.326	49.95	51.518	16.481	37.904	4.946	35.071	17.61	58.586	28.871	14.231	71.874	55.145	2.763	37.516	2.107	3.698	2.894	16.741	60.041	36.938	19.058	4.897	32.535	3.642	4.556	17.626	3.007	12.561

map_415
	XhoI	XhoI	2.381	4.556	17.626	3.007	12.754	28.213	0.73	26.3	33.522	9.614	27.279	28.887	13.417	2.786	21.812	24.018	7.009	14.835	72.12	9.739	10.36	64.508	11.884	18.627	28.582	1.557	2.506	1.913	11.641	15.44	8.697	6.17	45.312	4.218	15.062	20.234	12.854	12.396	48.964	34.111	55.638	56.159	48.165	2.099	13.095	111.629	66.318	116.01	32.342	14.882	79.243	0.504	4.995	10.312	26.71

map_416
	XhoI	XhoI	10.526	32.65	3.417	12.928	87.122	14.466	15.855	110.769	28.703	4.878	24.503	84.549	3.166	25.931	24.461	68.447	70.083	30.152	24.183	11.068	3.284	6.952	28.481	19.404	44.525	38.583	36.019	70.163

map_417
	XhoI	XhoI	0.663	24.7	44.498	39.605	8.075	4.687	32.319	18.488	17.26	10.482	42.73	37.485	6.481	29.06	4.547	14.475	60.323	13.128	12.437	19.199	8.085	17.715	91.796	24.82	31.906

map_418
	XhoI	XhoI	32.705	42.963	28.217	20.233	14.977	21.401	40.922	25.728	15.415	20.81	45.383	35.631	89.806	55.381	40.525	2.335	27.29	18.043	7.616	1.806	5.554	23.391	23.605	28.27	24.142	27.238	8.409

map_419
	XhoI	XhoI	53.553	55.145	2.763	37.516	2.107	3.698	2.894	16.741	60.041	36.938	19.058	4.897	32.535	3.642	4.556	17.626	3.007	12.754	28.213	0.73	26.3	33.522	9.614	27.279	28.887	13.417	2.786	21.812	24.018	7.009	14.835	72.12	9.739	10.36	19.14

map_420
	XhoI	XhoI	45.368	11.884	18.627	28.582	1.557	2.506	1.913	11.641	15.44	8.697	6.17	45.312	4.218	15.062	20.234	12.854	12.396	48.964	34.111	55.638	56.159	48.165	2.099	13.095	111.629	66.318	1.847

map_421
	XhoI	XhoI	114.163	32.342	14.882	79.243	0.504	4.995	10.312	37.236	32.65	3.417	12.928	87.122	14.466	15.855	110.769	28.703	4.878	24.503	84.549	3.166	25.931	24.461	68.447	70.083	30.152	24.183	11.068	3.284	6.952	28.481	19.404	44.525	38.583	18.438

map_422
	XhoI	XhoI	17.581	76.733	3.374	13.436	27.244	13.969	7.883	1.62	58.762	3.167	44.549	24.7	44.498	39.605	8.075	4.687	32.319	18.488	17.26	10.482	42.73	37.485	6.481	29.06	4.547	14.475	60.323	2.745

map_423
	XhoI	XhoI	4.057	45.383	35.631	89.806	55.381	40.525	2.335	27.29	18.043	7.616	1.806	5.554	23.391	23.605	28.27	24.142	27.238	8.511	6.776	24.921	1.462	5.108	24.335	11.058	27.07	43.326	49.95	51.518	16.481	37.904	4.946	35.071	17.61	1.887

map_425
	XhoI	XhoI	14.187	28.871	14.231	71.874	55.145	2.763	37.516	2.107	3.698	2.894	16.741	60.041	36.938	19.058	4.897	4.321

map_426
	XhoI	XhoI	28.214	3.642	4.556	17.626	3.007	12.754	28.213	0.73	26.3	33.522	9.614	27.279	28.887	13.417	2.786	21.812	24.018	7.009	14.835	72.12	9.739	10.36	64.508	11.884	18.627	28.582	1.557	2.506	1.913	11.641	15.44	8.248

map_427
	XhoI	XhoI	6.17	45.312	4.218	15.062	20.234	12.854	12.396	48.964	34.111	55.638	56.159	48.165	2.099	13.095	111.629	34.045

map_428
	XhoI	XhoI	32.273	116.01	32.342	14.882	79.243	0.504	4.995	10.312	37.236	32.65	3.417	12.928	87.122	14.466	15.855	110.769	28.703	4.878	24.503	84.549	3.166	25.931	24.461	68.447	70.083	15.181

map_429
	XhoI	XhoI	24.033	11.068	3.284	6.952	28.481	19.404	44.525	38.583	36.019	76.733	3.374	13.436	27.244	13.969	7.883	1.62	58.762	3.167	44.549	24.7	44.498	39.605	8.075	4.687	32.319	18.488	17.26	10.482	42.73	37.485	6.481	29.06	4.547	14.475	60.323	13.128	12.437	19.199	8.085	17.715	91.796	24.82	64.611	42.963	28.217	20.233	14.977	21.401	40.922	25.728	15.415	20.81	45.383	35.391

map_431
	XhoI	XhoI	40.956	16.481	37.904	4.946	35.071	17.61	58.586	28.871	14.231	71.874	55.145	2.763	37.516	2.107	3.698	2.894	16.741	60.041	36.938	19.058	4.897	32.535	3.642	4.556	17.626	3.007	12.754	28.213	0.73	26.3	33.522	9.614	27.279	28.887	13.417	2.786	21.812	24.018	7.009	14.835	8.323

map_432
	XhoI	XhoI	63.797	9.739	10.36	64.508	11.884	18.627	28.582	1.557	2.506	1.913	11.641	15.44	8.697	6.17	45.312	4.218	15.062	20.234	12.854	12.396	48.964	34.111	55.638	56.159	48.165	2.099	13.095	96.721

map_433
	XhoI	XhoI	14.908	66.318	116.01	32.342	14.882	79.243	0.504	4.995	10.312	37.236	32.65	3.417	12.928	87.122	14.466	15.855	24.531

map_434
	XhoI	XhoI	86.238	28.703	4.878	24.503	84.549	3.166	25.931	24.461	68.447	70.083	30.152	24.183	11.068	3.284	6.952	28.481	19.404	44.525	38.583	36.019	55.199

map_435
	XhoI	XhoI	30.753	39.605	8.075	4.687	32.319	18.488	17.26	10.482	42.73	37.485	6.481	29.06	4.547	14.475	60.323	13.128	12.437	19.199	8.085	17.715	91.796	24.82	64.611	42.963	28.217	20.233	14.977	21.401	40.922	25.728	15.415	20.81	17.848

map_436
	XhoI	XhoI	9.997	17.61	58.586	28.871	14.231	71.874	55.145	2.763	37.516	2.107	3.698	2.894	16.741	60.041	36.938	19.058	4.897	32.535	3.642	4.556	17.626	3.007	12.754	28.213	0.73	26.3	33.522	9.614	27.279	28.887	13.417	2.786	21.812	24.018	7.009	14.835	72.12	9.739	10.36	32.342

map_437
	XhoI	XhoI	32.166	11.884	18.627	28.582	1.557	2.506	1.913	11.641	15.44	8.697	6.17	45.312	4.218	15.062	20.234	12.854	12.396	48.964	34.111	55.638	56.159	48.165	2.099	13.095	111.629	66.318	116.01	32.342	14.882	79.243	0.504	4.995	10.312	37.236	32.65	3.417	12.928	50.594

map_439
	XhoI	XhoI	16.215	38.583	36.019	76.733	3.374	13.436	27.244	13.969	7.883	1.62	58.762	3.167	44.549	24.7	44.498	39.605	8.075	0.69

map_440
	XhoI	XhoI	3.997	32.319	18.488	17.26	10.482	42.73	37.485	6.481	29.06	4.547	14.475	60.323	13.128	12.437	19.199	8.085	17.715	91.796	24.82	64.611	42.963	28.217	20.233	14.977	21.401	40.922	25.728	15.415	20.81	45.383	35.631	89.806	8.77

map_442
	XhoI	XhoI	27.636	49.95	51.518	16.481	37.904	4.946	35.071	17.61	58.586	28.871	14.231	71.874	55.145	2.763	37.516	2.107	3.698	2.894	16.741	60.041	36.938	19.058	4.897	32.535	3.642	4.556	17.626	3.007	12.754	28.213	0.73	26.3	33.522	9.614	27.279	28.887	13.417	2.786	21.812	24.018	7.009	14.835	72.12	9.739	10.36	64.508	11.884	18.627	28.582	1.557	2.506	1.913	11.641	15.44	8.697	6.17	45.312	4.218	15.062	20.234	12.854	12.396	48.964	34.111	55.638	56.159	14.891

map_444
	XhoI	XhoI	30.002	0.504	4.995	10.312	37.236	32.65	3.417	12.928	87.122	14.466	15.855	110.769	28.703	4.878	24.503	84.549	3.166	25.931	24.461	27.385

map_445
	XhoI	XhoI	18.394	11.068	3.284	6.952	28.481	19.404	44.525	38.583	36.019	76.733	3.374	13.436	27.244	5.769

map_446
	XhoI	XhoI	8.2	7.883	1.62	58.762	3.167	44.549	24.7	44.498	39.605	8.075	4.687	32.319	18.488	17.26	10.482	42.73	37.485	6.481	29.06	4.547	14.475	60.323	11.384

map_447
	XhoI	XhoI	1.744	12.437	19.199	8.085	17.715	91.796	24.82	64.611	42.963	28.217	20.233	1.494

map_450
	XhoI	XhoI	10.772	4.946	35.071	17.61	58.586	28.871	14.231	71.874	55.145	2.763	37.516	2.107	3.698	2.894	16.741	60.041	36.938	19.058	4.897	32.535	3.642	4.556	17.626	3.007	12.754	28.213	0.73	26.3	33.522	9.614	27.279	28.887	13.417	2.786	21.812	24.018	7.009	14.835	72.12	9.739	10.36	6.831

map_451
	XhoI	XhoI	57.677	11.884	18.627	28.582	1.557	2.506	1.913	11.641	15.44	8.697	6.17	45.312	4.218	15.062	20.234	12.854	12.396	48.964	34.111	55.638	48.299

map_453
	XhoI	XhoI	101.588	32.342	14.882	79.243	0.504	4.995	10.312	37.236	32.65	3.417	12.928	87.122	14.466	15.855	110.769	22.755

map_454
	XhoI	XhoI	31.714	3.166	25.931	24.461	68.447	70.083	30.152	24.183	11.068	3.284	6.952	28.481	19.404	44.525	38.583	36.019	76.733	3.374	13.436	27.244	13.969	7.883	1.62	58.762	3.167	44.549	24.7	44.498	39.605	8.075	4.687	32.319	18.488	17.26	10.482	7.132

map_455
	XhoI	XhoI	5.068	60.323	13.128	12.437	19.199	8.085	17.715	91.796	24.82	64.611	42.963	28.217	20.233	3.519

map_457
	XhoI	XhoI	6.143	27.07	43.326	49.95	51.518	16.481	37.904	4.946	35.071	17.61	58.586	28.871	14.231	71.874	55.145	2.763	37.516	2.107	3.698	2.894	16.741	60.041	36.938	19.058	4.897	32.535	3.642	4.556	17.626	3.007	12.754	28.213	0.73	26.3	33.522	9.614	27.279	28.887	13.417	2.786	21.812	24.018	7.009	14.835	15.4

map_458
	XhoI	XhoI	8.18	18.627	28.582	1.557	2.506	1.913	11.641	15.44	8.697	6.17	45.312	4.218	15.062	20.234	12.854	12.396	48.964	34.111	55.638	56.159	48.165	2.044

map_460
	XhoI	XhoI	23.47	14.882	79.243	0.504	4.995	10.312	37.236	32.65	3.417	12.928	87.122	14.466	15.855	110.769	28.703	4.878	24.503	84.549	3.166	25.931	24.461	68.447	70.083	30.152	24.183	11.068	3.284	6.952	28.481	19.404	26.553

map_461
	XhoI	XhoI	17.972	38.583	36.019	76.733	3.374	13.436	27.244	13.969	7.883	1.62	58.762	3.167	44.549	24.7	44.498	39.605	8.075	4.687	32.319	18.488	17.26	10.482	42.73	37.485	6.481	29.06	4.547	14.475	60.323	13.128	12.437	19.199	8.085	17.715	91.796	24.82	27.058

map_463
	XhoI	XhoI	31.882	35.631	89.806	55.381	40.525	2.335	27.29	18.043	7.616	1.806	5.554	23.391	9.477

map_464
	XhoI	XhoI	23.751	14.231	71.874	55.145	2.763	37.516	2.107	3.698	2.894	16.741	60.041	36.938	19.058	4.897	32.535	3.642	4.556	17.626	3.007	12.754	28.213	0.73	26.3	33.522	9.614	27.279	28.887	13.417	2.786	21.812	24.018	7.009	14.835	72.12	9.739	10.36	64.508	11.884	18.627	28.582	1.557	2.506	1.913	11.641	1.037

map_465
	XhoI	XhoI	5.233	12.854	12.396	48.964	34.111	55.638	56.159	48.165	2.099	13.095	111.629	66.318	116.01	32.342	14.882	79.243	0.504	4.995	10.312	37.236	32.65	3.417	12.928	87.122	14.466	15.855	110.769	28.703	4.878	24.503	70.219

map_466
	XhoI	XhoI	12.964	68.447	70.083	30.152	24.183	11.068	3.284	6.952	28.481	19.404	44.525	38.583	36.019	76.733	3.374	13.436	27.244	13.969	7.883	1.62	44.053

map_467
	XhoI	XhoI	14.709	3.167	44.549	24.7	44.498	39.605	8.075	4.687	32.319	18.488	17.26	10.482	42.73	37.485	6.481	29.06	4.547	14.475	60.323	13.128	12.437	19.199	8.085	17.715	56.368

map_468
	XhoI	XhoI	37.557	35.631	89.806	55.381	40.525	2.335	27.29	18.043	7.616	1.806	5.554	23.391	23.605	28.27	24.142	27.238	8.511	6.776	24.921	1.462	5.108	24.335	11.058	27.07	43.326	49.95	13.959

map_471
	XhoI	XhoI	57.017	55.145	2.763	37.516	2.107	3.698	2.894	16.741	60.041	36.938	19.058	4.897	32.535	3.642	4.556	17.626	3.007	12.754	28.213	0.73	26.3	33.522	9.614	27.279	28.887	13.417	2.786	21.812	24.018	7.009	14.835	38.693

map_472
	XhoI	XhoI	33.427	9.739	10.36	64.508	11.884	18.627	28.582	1.557	2.506	1.913	11.641	15.44	8.697	6.17	45.312	4.218	15.062	20.234	12.544

map_473
	XhoI	XhoI	12.396	48.964	34.111	55.638	56.159	48.165	2.099	13.095	111.629	66.318	116.01	32.342	14.882	79.243	0.504	4.995	10.312	37.236	32.65	3.417	12.928	87.122	14.466	15.855	110.769	28.703	4.878	24.503	7.846

map_474
	XhoI	XhoI	76.703	3.166	25.931	24.461	68.447	70.083	30.152	24.183	11.068	3.284	6.952	28.481	19.404	44.525	31.53

map_475
	XhoI	XhoI	7.053	36.019	76.733	3.374	13.436	27.244	13.969	7.883	1.62	58.762	3.167	44.549	24.7	44.498	39.605	8.075	4.687	32.319	18.488	17.26	10.482	42.73	2.428

map_476
	XhoI	XhoI	35.057	6.481	29.06	4.547	14.475	60.323	13.128	12.437	19.199	8.085	17.715	91.796	24.82	64.611	42.963	28.217	20.233	14.977	21.401	40.922	25.728	15.415	20.81	45.383	35.631	62.538

map_478
	XhoI	XhoI	31.908	55.145	2.763	37.516	2.107	3.698	2.894	16.741	60.041	36.938	19.058	4.897	32.535	3.642	4.556	17.626	3.007	12.754	28.213	0.73	26.3	33.522	9.614	27.279	28.887	13.417	2.786	21.812	24.018	7.009	14.835	72.12	9.739	10.36	64.508	11.884	18.627	28.582	1.557	2.506	1.913	11.641	15.44	8.697	6.17	45.312	4.218	15.062	20.234	12.854	12.396	48.964	34.111	39.198

map_480
	XhoI	XhoI	47.059	28.703	4.878	24.503	84.549	3.166	25.931	24.461	68.447	70.083	30.152	24.183	11.068	3.284	6.952	28.481	19.404	44.525	38.583	36.019	76.733	3.374	13.436	27.244	9.461

map_481
	XhoI	XhoI	4.508	7.883	1.62	58.762	3.167	44.549	24.7	44.498	39.605	8.075	4.687	32.319	18.488	17.26	10.482	42.73	37.485	6.481	29.06	4.547	14.475	60.323	13.128	12.437	19.199	8.085	17.715	91.796	24.82	64.611	42.963	28.217	20.233	14.977	21.401	40.922	25.728	15.415	20.81	45.383	35.631	89.806	20.53

map_483
	XhoI	XhoI	21.054	14.231	71.874	55.145	2.763	37.516	2.107	3.698	2.894	16.741	60.041	36.938	19.058	4.897	32.535	3.642	4.556	17.626	3.007	12.754	20.481

map_484
	XhoI	XhoI	7.732	0.73	26.3	33.522	9.614	27.279	28.887	13.417	2.786	21.812	24.018	7.009	14.835	35.72

map_485
	XhoI	XhoI	36.4	9.739	10.36	64.508	11.884	18.627	28.582	1.557	2.506	1.913	11.641	15.44	8.697	6.17	45.312	4.218	15.062	20.234	12.854	12.396	48.964	34.111	55.638	56.159	48.165	2.099	13.095	78.406

map_487
	XhoI	XhoI	17.365	0.504	4.995	10.312	37.236	32.65	3.417	12.928	87.122	14.466	15.855	110.769	28.703	4.878	24.503	84.549	3.166	25.931	24.461	68.447	70.083	30.152	24.183	11.068	3.284	6.952	28.481	19.404	44.525	38.583	36.019	76.733	3.374	13.436	27.244	13.969	7.883	1.62	58.762	3.167	44.549	24.7	44.498	39.605	8.075	4.687	32.319	18.488	17.26	10.482	42.73	37.485	6.481	29.06	4.547	14.475	60.323	13.128	12.437	19.199	8.085	17.715	91.796	24.82	64.611	42.963	4.369

map_488
	XhoI	XhoI	8.82	89.806	55.381	40.525	2.335	27.29	18.043	7.616	1.806	5.554	23.391	23.605	28.27	24.142	27.238	8.511	6.776	24.921	1.462	5.108	9.008

map_490
	XhoI	XhoI	12.975	13.417	2.786	21.812	24.018	7.009	14.835	72.12	9.739	10.36	64.508	11.884	18.627	28.582	1.557	2.506	1.913	11.641	15.44	8.697	6.17	45.312	4.218	15.062	20.234	12.854	12.396	48.964	34.111	55.638	56.159	48.165	2.099	13.095	111.629	20.113

map_492
	XhoI	XhoI	26.601	3.417	12.928	87.122	14.466	15.855	110.769	28.703	4.878	24.503	84.549	3.166	25.931	24.461	31.144

map_493
	XhoI	XhoI	37.303	70.083	30.152	24.183	11.068	3.284	6.952	28.481	19.404	44.525	38.583	36.019	76.733	3.374	13.436	27.244	13.969	7.883	1.62	58.762	3.167	44.549	24.7	44.498	39.605	8.075	4.687	32.319	18.488	17.26	10.482	42.73	37.485	6.481	29.06	4.547	14.475	60.323	13.128	12.437	19.199	8.085	17.715	91.796	24.82	33.661

map_494
	XhoI	XhoI	22.072	25.728	15.415	20.81	45.383	35.631	89.806	55.381	40.525	2.335	27.29	18.043	7.616	1.806	5.554	23.391	23.605	28.27	24.142	27.238	8.511	6.776	24.921	1.462	5.108	24.335	11.058	27.07	43.326	49.95	51.518	16.481	30.377

map_496
	XhoI	XhoI	1.62	16.741	60.041	36.938	19.058	4.897	32.535	3.642	4.556	17.626	3.007	12.754	28.213	0.73	26.3	33.522	9.614	27.279	28.887	13.417	2.786	21.812	24.018	7.009	14.835	72.12	9.739	10.36	64.508	11.884	18.627	20.505

map_497
	XhoI	XhoI	8.077	1.557	2.506	1.913	11.641	15.44	8.697	6.17	45.312	4.218	15.062	20.234	12.854	12.396	48.964	34.111	55.638	56.159	48.165	2.099	13.095	111.629	56.861

map_498
	XhoI	XhoI	9.457	116.01	32.342	14.882	79.243	0.504	4.995	10.312	37.236	32.65	3.417	12.928	87.122	14.466	15.855	110.769	28.703	4.878	24.503	84.549	3.166	25.931	24.461	68.447	70.083	30.152	24.183	11.068	3.284	6.952	28.481	9.85

map_500
	XhoI	XhoI	27.382	37.485	6.481	29.06	4.547	14.475	60.323	13.128	12.437	19.199	8.085	17.715	91.796	24.82	64.611	42.963	28.217	20.233	14.977	21.401	40.922	25.728	15.415	20.81	45.383	35.631	89.806	55.381	40.525	2.335	27.29	18.043	7.616	1.806	5.554	23.391	23.605	28.27	24.142	27.238	8.511	6.776	24.414

map_502
	XhoI	XhoI	45.825	36.938	19.058	4.897	32.535	3.642	4.556	17.626	3.007	12.754	28.213	0.73	26.3	33.522	9.614	27.279	28.887	13.417	2.786	21.812	24.018	7.009	14.835	72.12	9.739	10.36	64.508	11.884	18.627	28.582	1.557	2.506	1.913	11.641	15.44	8.697	6.17	45.312	4.218	15.062	20.234	12.854	12.396	48.964	34.111	55.638	56.159	48.165	2.099	13.095	111.629	38.976

map_504
	XhoI	XhoI	13.26	28.703	4.878	24.503	84.549	3.166	25.931	24.461	68.447	70.083	30.152	24.183	11.068	3.284	6.952	28.481	19.404	44.525	38.583	36.019	28.626

map_505
	XhoI	XhoI	48.107	3.374	13.436	27.244	13.969	7.883	1.62	58.762	3.167	44.549	24.7	44.498	39.605	8.075	4.687	32.319	18.488	17.26	10.482	42.73	37.485	6.481	29.06	4.547	14.475	52.377

map_506
	XhoI	XhoI	8.728	64.611	42.963	28.217	20.233	14.977	21.401	40.922	25.728	15.415	20.81	45.383	35.631	35.366

map_508
	XhoI	XhoI	4.802	43.326	49.95	51.518	16.481	37.904	4.946	35.071	17.61	58.586	28.871	14.231	71.874	55.145	2.763	37.516	2.107	3.698	2.894	16.741	60.041	24.528

map_509
	XhoI	XhoI	10.48	4.897	32.535	3.642	4.556	17.626	3.007	12.754	28.213	0.73	26.3	33.522	9.614	27.279	28.887	13.417	2.786	21.812	24.018	7.009	14.835	72.12	9.739	10.36	64.508	11.884	18.627	28.582	1.557	2.506	1.913	11.641	15.44	8.697	6.17	45.312	4.218	15.062	20.234	12.854	12.396	48.964	34.111	55.638	56.159	48.165	2.099	13.095	111.629	66.318	7.073

map_510
	XhoI	XhoI	6.712	32.342	14.882	79.243	0.504	4.995	10.312	37.236	32.65	3.417	12.928	87.122	14.466	15.855	110.769	28.703	4.878	24.503	84.549	3.166	22.167

map_512
	XhoI	XhoI	25.147	3.374	13.436	27.244	13.969	7.883	1.62	58.762	3.167	44.549	24.7	44.498	39.605	8.075	4.687	32.319	18.488	17.26	10.482	42.73	37.485	6.481	29.06	4.547	14.475	60.323	13.128	12.437	19.199	8.085	17.715	91.796	24.82	64.611	42.963	28.217	20.233	14.977	21.401	40.922	25.728	15.415	20.81	45.383	35.631	12.936

map_514
	XhoI	XhoI	28.137	19.058	4.897	32.535	3.642	4.556	17.626	3.007	12.754	28.213	0.73	26.3	33.522	9.614	27.279	28.887	13.417	2.786	21.812	24.018	7.009	14.835	72.12	9.739	10.36	64.508	11.884	18.627	28.582	1.557	2.506	1.913	11.641	15.44	8.697	6.17	45.312	4.218	15.062	20.234	12.854	12.396	48.964	34.111	55.638	56.159	48.165	2.099	13.095	111.629	66.318	31.787

map_516
	XhoI	XhoI	22.629	24.461	68.447	70.083	30.152	24.183	11.068	3.284	6.952	28.481	19.404	44.525	38.583	36.019	76.733	3.374	13.436	27.244	13.969	7.883	1.62	58.762	3.167	2.727

map_517
	XhoI	XhoI	10.137	24.7	44.498	39.605	8.075	4.687	32.319	18.488	17.26	10.482	42.73	37.485	6.481	29.06	4.547	14.475	60.323	13.128	12.437	19.199	8.085	17.715	91.796	24.82	64.611	42.963	28.217	20.233	14.977	21.401	40.922	25.728	15.415	20.81	45.383	35.631	89.806	55.381	40.525	2.335	27.29	18.043	7.616	1.806	5.554	23.391	23.605	25.351

map_518
	XhoI	XhoI	2.426	24.018	7.009	14.835	72.12	9.739	10.36	64.508	11.884	18.627	28.582	1.557	2.506	1.913	11.641	15.44	8.697	6.17	45.312	4.218	15.062	20.234	12.854	12.396	6.891

map_519
	XhoI	XhoI	42.073	34.111	55.638	56.159	48.165	2.099	13.095	111.629	66.318	116.01	32.342	14.882	79.243	0.504	4.995	10.312	37.236	32.65	3.417	12.928	87.122	14.466	15.855	110.769	28.703	4.878	24.503	84.549	3.166	20.749

map_520
	XhoI	XhoI	5.182	24.461	68.447	70.083	30.152	24.183	11.068	3.284	6.952	28.481	19.404	44.525	38.583	36.019	63.925

map_521
	XhoI	XhoI	1.954	32.319	18.488	17.26	10.482	42.73	37.485	6.481	29.06	4.547	14.475	60.323	13.128	12.437	19.199	8.085	17.715	91.796	24.82	64.611	42.963	28.217	20.233	14.977	21.401	40.922	25.728	15.415	20.81	45.383	35.631	89.806	55.381	40.525	2.335	27.29	18.043	7.616	1.806	5.554	23.391	23.605	28.27	24.142	27.238	8.511	6.776	24.921	1.462	5.108	24.335	11.058	27.07	43.326	49.95	51.518	16.481	37.904	4.946	35.071	17.61	58.586	28.871	14.231	71.874	55.145	2.763	5.092

map_523
	XhoI	XhoI	22.518	28.871	14.231	71.874	55.145	2.763	37.516	2.107	3.698	2.894	16.741	60.041	36.938	19.058	4.897	32.535	3.642	4.556	17.626	3.007	12.754	28.213	0.73	26.3	33.522	9.614	27.279	23.245

map_524
	XhoI	XhoI	16.748	11.884	18.627	28.582	1.557	2.506	1.913	11.641	15.44	8.697	6.17	45.312	4.218	15.062	20.234	12.854	12.396	48.964	34.111	55.638	56.159	48.165	2.099	13.095	111.629	66.318	116.01	29.094

map_525
	XhoI	XhoI	38.048	14.466	15.855	110.769	28.703	4.878	24.503	84.549	3.166	25.931	24.461	68.447	70.083	30.152	17.69

map_526
	XhoI	XhoI	6.493	11.068	3.284	6.952	28.481	19.404	44.525	38.583	36.019	76.733	3.374	13.436	27.244	13.969	7.883	1.62	58.762	3.167	44.549	24.7	44.498	39.605	8.075	4.687	32.319	18.488	17.26	10.482	42.73	37.485	6.481	29.06	4.547	14.475	60.323	13.128	12.437	1.052

map_527
	XhoI	XhoI	18.147	8.085	17.715	91.796	24.82	64.611	42.963	28.217	20.233	14.977	21.401	40.922	25.728	15.415	20.81	45.383	35.631	89.806	55.381	40.525	2.335	16.004

map_528
	XhoI	XhoI	23.991	13.417	2.786	21.812	24.018	7.009	14.835	72.12	9.739	10.36	64.508	11.884	18.627	28.582	1.557	2.506	1.913	11.641	15.44	8.697	6.17	45.312	4.218	15.062	20.234	12.854	12.396	42.236

map_530
	XhoI	XhoI	99.73	28.703	4.878	24.503	84.549	3.166	25.931	24.461	68.447	70.083	30.152	24.183	11.068	3.284	6.952	28.481	19.404	44.525	38.583	36.019	39.549

map_531
	XhoI	XhoI	31.381	3.167	44.549	24.7	44.498	39.605	8.075	4.687	32.319	18.488	17.26	10.482	42.73	37.485	6.481	29.06	4.547	14.475	60.323	13.128	12.437	19.199	8.085	17.715	91.796	24.82	64.611	42.963	28.217	20.233	14.977	21.401	40.922	25.728	15.415	20.81	45.383	35.631	89.806	55.381	40.525	2.335	27.29	18.043	7.616	1.806	5.554	23.391	23.605	28.27	24.142	27.238	8.511	6.776	24.921	1.462	5.108	24.335	11.058	27.07	43.326	49.95	51.518	16.481	37.904	4.946	35.071	17.61	58.586	28.871	14.231	71.874	55.145	2.763	37.516	2.107	3.698	2.894	16.741	60.041	36.938	19.058	4.897	32.535	3.642	4.556	17.626	3.007	12.754	28.213	0.73	26.3	33.522	9.614	27.279	4.896

map_532
	XhoI	XhoI	3.203	4.897	32.535	3.642	4.556	17.626	3.007	12.754	28.213	0.73	26.3	33.522	9.614	27.279	28.887	13.417	2.786	21.812	13.026

map_533
	XhoI	XhoI	10.992	7.009	14.835	72.12	9.739	10.36	64.508	11.884	18.627	28.582	1.557	2.506	1.913	11.641	15.44	8.697	6.17	5.803

map_535
	XhoI	XhoI	11.287	48.165	2.099	13.095	111.629	66.318	116.01	32.342	14.882	79.243	0.504	4.995	10.312	37.236	32.65	3.417	12.928	87.122

map_537
	XhoI	XhoI	10.53	3.374	13.436	27.244	13.969	7.883	1.62	58.762	3.167	44.549	24.7	44.498	39.605	8.075	4.687	32.319	18.488	17.26	10.482	42.73	37.485	6.481	29.06	4.547	14.475	60.323	13.128	12.437	19.199	8.085	17.715	91.796	24.82	64.611	42.963	28.217	20.233	14.977	21.401	40.922	25.728	15.415	20.81	45.383	35.631	89.806	55.381	40.525	2.335	27.29	18.043	7.616	1.806	5.554	23.391	23.605	28.27	24.142	27.238	8.511	6.776	24.921	1.462	5.108	24.335	11.058	27.07	43.326	49.95	51.518	16.481	37.904	4.946	35.071	17.61	58.586	28.871	14.231	71.874	55.145	2.763	37.516	2.107	3.698	2.894	16.741	60.041	36.938	15.855

map_538
	XhoI	XhoI	12.959	55.145	2.763	37.516	2.107	3.698	2.894	16.741	60.041	36.938	19.058	4.897	32.535	3.642	4.556	17.626	3.007	12.754	25.687

map_539
	XhoI	XhoI	2.526	0.73	26.3	33.522	9.614	27.279	28.887	13.417	2.786	21.812	24.018	7.009	14.835	72.12	9.739	10.36	64.508	11.884	18.627	28.582	1.557	2.506	1.913	11.641	15.44	8.697	6.17	45.312	4.218	15.062	20.234	12.854	12.396	48.964	34.111	55.638	56.159	48.165	2.099	13.095	67.816

map_543
	XhoI	XhoI	17.824	24.183	11.068	3.284	6.952	28.481	19.404	44.525	38.583	36.019	76.733	3.374	13.436	27.244	13.969	7.883	1.62	58.762	3.167	44.549	24.7	44.498	39.605	8.075	4.687	32.319	18.488	17.26	10.482	42.73	37.485	6.481	29.06	4.547	14.475	60.323	13.128	12.437	19.199	8.085	17.715	91.796	24.82	24.227

map_544
	XhoI	XhoI	40.384	42.963	28.217	20.233	14.977	21.401	40.922	25.728	15.415	20.81	45.383	35.631	29.208

map_545
	XhoI	XhoI	60.598	55.381	40.525	2.335	27.29	18.043	7.616	1.806	5.554	23.391	23.605	28.27	24.142	27.238	8.511	6.776	24.921	1.462	5.108	24.335	11.058	27.07	43.326	49.95	51.518	16.481	37.904	4.946	35.071	17.61	57.038

map_546
	XhoI	XhoI	1.962	71.874	55.145	2.763	37.516	2.107	3.698	2.894	16.741	60.041	36.938	19.058	4.897	32.535	3.642	4.556	17.626	3.007	12.754	28.213	0.73	26.3	33.522	9.614	27.279	28.887	13.417	2.786	20.459

map_547
	XhoI	XhoI	20.45	1.557	2.506	1.913	11.641	15.44	8.697	6.17	45.312	4.218	15.062	20.234	12.854	12.396	48.964	34.111	55.638	2.241

map_548
	XhoI	XhoI	53.918	48.165	2.099	13.095	111.629	66.318	116.01	32.342	14.882	79.243	0.504	4.995	10.312	37.236	32.65	3.417	12.928	87.122	14.466	15.855	110.769	28.703	4.878	24.503	84.549	3.166	25.931	24.461	68.447	70.083	30.152	24.183	11.068	3.284	6.952	28.481	19.404	44.525	38.583	36.019	76.733	3.374	13.436	27.244	13.969	7.883	1.62	58.762	3.167	44.549	24.7	44.498	29.821

map_549
	XhoI	XhoI	9.784	8.075	4.687	32.319	18.488	17.26	10.482	42.73	37.485	6.481	29.06	4.547	14.475	60.323	13.128	12.437	19.199	8.085	17.715	91.796	24.82	26.08

map_550
	XhoI	XhoI	73.072	55.381	40.525	2.335	27.29	18.043	7.616	1.806	5.554	23.391	23.605	28.27	24.142	27.238	8.511	6.776	24.921	1.462	5.108	24.335	11.058	27.07	43.326	49.95	51.518	16.481	37.904	4.946	35.071	17.61	58.586	28.871	12.269

map_551
	XhoI	XhoI	5.729	6.17	45.312	4.218	15.062	20.234	12.854	12.396	48.964	34.111	55.638	56.159	48.165	2.099	13.095	23.196

map_553
	XhoI	XhoI	18.004	24.461	68.447	70.083	30.152	24.183	11.068	3.284	6.952	28.481	19.404	44.525	38.583	36.019	76.733	3.374	13.436	27.244	13.969	7.883	1.62	14.358

map_554
	XhoI	XhoI	44.404	3.167	44.549	24.7	44.498	39.605	8.075	4.687	32.319	18.488	17.26	10.482	42.73	37.485	6.481	29.06	4.547	14.475	60.323	13.128	12.437	19.199	8.085	17.715	91.796	24.82	64.611	42.963	28.217	2.158

map_555
	XhoI	XhoI	83.851	55.381	40.525	2.335	27.29	18.043	7.616	1.806	5.554	23.391	23.605	28.27	24.142	27.238	8.511	6.776	24.921	1.462	5.108	24.335	11.058	27.07	43.326	49.95	51.518	16.481	37.904	4.946	35.071	17.61	58.586	28.871	14.231	71.874	55.145	2.763	37.516	2.107	3.698	2.894	16.741	60.041	36.938	19.058	4.897	32.535	3.642	4.556	17.626	3.007	12.754	28.213	0.73	26.3	33.522	9.614	27.279	28.887	13.417	2.786	21.812	24.018	7.009	14.835	72.12	9.739	10.36	64.508	11.884	18.627	28.582	1.557	2.506	1.913	11.641	15.44	2.968

map_558
	XhoI	XhoI	12.871	0.73	26.3	33.522	9.614	27.279	28.887	13.417	2.786	21.812	24.018	7.009	14.835	72.12	9.739	10.36	64.508	11.884	18.627	28.582	1.557	2.506	1.913	11.641	15.44	8.697	6.17	45.312	4.218	15.062	20.234	12.854	12.396	46.872

map_559
	XhoI	XhoI	36.564	116.01	32.342	14.882	79.243	0.504	4.995	10.312	37.236	32.65	3.417	12.928	87.122	14.466	15.855	110.769	28.703	4.878	24.503	84.549	3.166	25.931	24.461	68.447	70.083	30.152	24.183	11.068	3.284	6.952	28.481	2.466

map_561
	XhoI	XhoI	12.952	7.883	1.62	58.762	3.167	44.549	24.7	44.498	39.605	8.075	4.687	19.563

map_562
	XhoI	XhoI	12.756	18.488	17.26	10.482	42.73	37.485	6.481	29.06	4.547	14.475	60.323	13.128	12.437	19.199	8.085	17.715	91.796	24.82	64.611	42.963	28.217	20.233	14.977	21.401	40.922	25.728	15.415	20.81	45.383	35.631	84.862

map_564
	XhoI	XhoI	1.312	55.145	2.763	37.516	2.107	3.698	2.894	16.741	60.041	36.938	19.058	4.897	32.535	3.642	4.556	17.626	3.007	12.754	28.213	0.73	26.3	33.522	9.614	27.279	28.887	13.417	2.786	21.812	24.018	7.009	14.835	28.97

map_565
	XhoI	XhoI	43.15	9.739	10.36	64.508	11.884	18.627	28.582	1.557	2.506	1.913	11.641	15.44	8.697	6.17	45.312	4.218	15.062	20.234	12.854	12.396	48.964	34.111	55.638	56.159	48.165	2.099	13.095	111.629	66.318	116.01	32.342	14.882	25.828

map_566
	XhoI	XhoI	53.415	0.504	4.995	10.312	37.236	32.65	3.417	12.928	87.122	14.466	15.855	110.769	28.703	4.878	24.503	84.549	3.166	25.931	24.461	68.447	70.083	30.152	24.183	11.068	3.284	6.952	28.481	19.404	44.525	38.583	36.019	76.733

map_567
	XhoI	XhoI	2.984	13.436	27.244	13.969	7.883	1.62	58.762	3.167	44.549	24.7	44.498	39.605	8.075	4.687	32.319	7.224

map_568
	XhoI	XhoI	11.264	17.26	10.482	42.73	37.485	6.481	29.06	4.547	14.475	60.323	13.128	12.437	19.199	8.085	17.715	91.796	24.82	64.611	42.963	28.217	20.233	14.977	21.401	40.922	25.728	15.415	20.81	6.425

map_570
	XhoI	XhoI	39.57	28.871	14.231	71.874	55.145	2.763	37.516	2.107	3.698	2.894	16.741	60.041	36.938	19.058	4.897	32.535	3.642	4.556	17.626	3.007	12.754	28.213	0.73	26.3	33.522	9.614	27.279	28.887	13.417	2.786	21.812	24.018	7.009

map_571
	XhoI	XhoI	14.432	72.12	9.739	10.36	64.508	11.884	18.627	28.582	1.557	2.506	1.913	11.641	15.44	8.697	6.17	45.312	4.218	15.062	20.234	12.854	12.396	48.964	34.111	55.638	56.159	48.165	2.099	13.095	111.629	66.318	116.01	32.342	14.882	79.243	0.504	4.995	10.312	37.236	32.65	3.417	12.928	87.122	14.466	15.855	110.769	28.703	4.878	24.503	84.549	3.166	11.115

map_572
	XhoI	XhoI	14.816	24.461	68.447	70.083	30.152	24.183	11.068	3.284	6.952	28.481	19.404	44.525	12.723

map_573
	XhoI	XhoI	2.665	12.437	19.199	8.085	17.715	91.796	24.82	64.611	42.963	28.217	20.233	14.977	21.401	40.922	25.728	15.415	20.81	45.383	35.631	89.596

map_574
	XhoI	XhoI	7.037	19.058	4.897	32.535	3.642	4.556	17.626	3.007	12.754	28.213	0.73	26.3	33.522	9.614	27.279	28.887	13.417	2.786	21.812	24.018	7.009	14.835	72.12	5.9

map_575
	XhoI	XhoI	24.027	4.218	15.062	20.234	12.854	12.396	48.964	34.111	55.638	56.159	48.165	2.099	13.095	111.629	64.148

map_576
	XhoI	XhoI	2.17	116.01	32.342	14.882	79.243	0.504	4.995	10.312	37.236	32.65	3.417	12.928	87.122	14.466	15.855	110.769	28.703	4.878	24.503	84.549

map_577
	XhoI	XhoI	9.004	3.284	6.952	28.481	19.404	44.525	38.583	36.019	76.733	3.374	13.436	27.244	13.969	7.883	1.62	53.125

map_578
	XhoI	XhoI	5.637	3.167	44.549	24.7	44.498	39.605	8.075	4.687	32.319	18.488	17.26	10.482	42.73	37.485	6.481	29.06	4.547	14.475	60.323	13.128	12.437	19.199	8.085	17.715	84.619

map_579
	XhoI	XhoI	7.177	24.82	64.611	42.963	28.217	20.233	14.977	21.401	40.922	25.728	15.415	20.81	45.383	35.631	89.806	55.381	40.525	2.335	27.29	18.043	7.616	1.806	5.554	23.391	23.605	28.27	24.142	27.238	8.511	6.776	24.921	1.462	5.108	24.335	11.058	27.07	43.326	49.95	51.518	16.481	37.904	4.946	35.071	17.61	58.586	28.871	14.231	71.874	55.145	2.763	0.647

map_581
	XhoI	XhoI	0.812	24.018	7.009	14.835	72.12	9.739	10.36	64.508	11.884	18.627	28.582	1.557	2.506	1.913	11.641	15.44	8.697	6.17	45.312	4.218	15.062	20.234	12.854	12.396	48.964	34.111	55.638	56.159	48.165	2.099	13.095	111.629	42.737

map_582
	XhoI	XhoI	23.581	116.01	32.342	14.882	79.243	0.504	4.995	10.312	37.236	32.65	3.417	12.928	87.122	14.466	15.855	110.769	28.703	4.878	24.503	15.1

map_583
	XhoI	XhoI	31.665	70.083	30.152	24.183	11.068	3.284	6.952	28.481	19.404	44.525	38.583	36.019	76.733	3.374	13.436	27.244	13.969	7.883	1.62	58.762	3.167	1.434

map_584
	XhoI	XhoI	43.115	24.7	44.498	39.605	8.075	4.687	32.319	18.488	17.26	10.482	42.73	37.485	6.481	29.06	4.547	14.475	60.323	13.128	12.437	19.199	8.085	17.715	91.796	24.82	64.611	19.633

map_585
	XhoI	XhoI	27.526	49.95	51.518	16.481	37.904	4.946	35.071	17.61	58.586	28.871	14.231	71.874	55.145	2.763	37.516	2.107	3.698	2.894	16.741	60.041	36.938	19.058	4.897	32.535	3.642	4.556	17.626	3.007	12.754	28.213	0.73	26.3	33.522	9.614	27.279	28.887	13.417	2.786	21.812	24.018	7.009	14.835	72.12	9.739	10.36	64.508	11.884	18.627	23.874

map_586
	XhoI	XhoI	4.708	1.557	2.506	1.913	11.641	15.44	8.697	6.17	45.312	4.218	15.062	20.234	12.854	12.396	48.964	34.111	22.489

map_587
	XhoI	XhoI	33.149	56.159	48.165	2.099	13.095	111.629	66.318	116.01	32.342	14.882	79.243	0.504	4.995	10.312	37.236	32.65	3.417	12.928	87.122	14.466	15.855	110.769	28.703	4.878	24.503	84.549	3.166	25.931	24.461	68.447	70.083	30.152	24.183	11.068	3.284	6.952	28.481	19.404	5.876

map_588
	XhoI	XhoI	6.368	44.498	39.605	8.075	4.687	32.319	18.488	17.26	10.482	42.73	37.485	6.481	29.06	4.547	14.475	60.323	13.128	12.437	19.199	8.085	17.715	91.796	24.82	49.021

map_589
	XhoI	XhoI	16.712	25.728	15.415	20.81	45.383	35.631	89.806	55.381	40.525	2.335	27.29	18.043	7.616	1.806	5.554	23.391	23.605	28.27	24.142	18.788

map_591
	XhoI	XhoI	32.963	17.61	58.586	28.871	14.231	71.874	55.145	2.763	37.516	2.107	3.698	2.894	16.741	60.041	36.938	19.058	4.897	32.535	3.642	4.556	17.626	3.007	12.754	28.213	0.73	26.3	33.522	9.614	27.279	28.887	13.417	2.786	21.812	24.018	7.009	14.835	72.12	9.739	10.36	64.508	11.884	18.627	28.582	1.557	2.506	1.913	11.641	15.44	8.697	6.17	45.312	4.218	15.062	20.234	12.854	12.396	48.964	34.111	55.638	56.159	48.165	2.099	13.095	111.629	66.318	116.01	32.342	14.882	79.243	0.504	4.995	10.312	37.236	32.65	3.417	12.928	1.443

map_592
	XhoI	XhoI	2.07	6.952	28.481	19.404	44.525	38.583	36.019	76.733	3.374	13.436	27.244	13.969	7.883	1.62	58.762	3.167	44.549	24.7	44.498	1.285

map_593
	XhoI	XhoI	19.359	37.485	6.481	29.06	4.547	14.475	60.323	13.128	12.437	19.199	8.085	17.715	91.796	24.82	64.611	42.963	28.217	20.233	14.977	21.401	40.922	25.728	15.415	20.81	45.383	35.631	89.806	55.381	40.525	2.335	0.742

map_595
	XhoI	XhoI	0.818	58.586	28.871	14.231	71.874	55.145	2.763	37.516	2.107	3.698	2.894	16.741	60.041	36.938	19.058	4.897	32.535	3.642	4.556	17.626	3.007	12.754	28.213	0.73	26.3	33.522	9.614	27.279	28.887	13.417	2.786	21.812	24.018	7.009	14.835	72.12	9.739	10.36	64.508	11.884	18.627	28.582	1.557	2.506	1.913	11.641	15.44	8.697	6.17	45.312	4.218	15.062	20.234	12.854	12.396	48.964	20.793

map_596
	XhoI	XhoI	66.311	0.504	4.995	10.312	37.236	32.65	3.417	12.928	87.122	14.466	15.855	110.769	28.703	4.878	24.503	84.549	3.166	25.931	24.461	68.447	70.083	30.152	10.69

map_598
	XhoI	XhoI	23.262	3.374	13.436	27.244	13.969	7.883	1.62	58.762	3.167	44.549	24.7	44.498	39.605	8.075	4.687	32.319	18.488	17.26	10.482	42.73	37.485	6.481	29.06	4.547	14.475	60.323	13.128	12.437	19.199	8.085	17.715	91.796	24.82	64.611	42.963	13.144

map_599
	XhoI	XhoI	15.073	20.233	14.977	21.401	40.922	25.728	15.415	20.81	45.383	35.631	89.806	55.381	40.525	2.335	27.29	17.683

map_601
	XhoI	XhoI	6.733	28.871	14.231	71.874	55.145	2.763	37.516	2.107	3.698	2.894	16.741	60.041	36.938	19.058	4.897	32.535	3.642	4.556	17.626	3.007	12.754	28.213	0.73	26.3	33.522	9.614	27.279	28.887	13.417	2.786	21.812	24.018	7.009	14.835	27.713

map_602
	XhoI	XhoI	7.656	15.44	8.697	6.17	45.312	4.218	15.062	20.234	12.854	12.396	48.964	34.111	55.638	56.159	48.165	2.099	13.095	111.629	66.318	116.01	32.342	14.882	79.243	0.504	4.995	10.312	37.236	32.65	3.417	12.928	53.114

map_604
	XhoI	XhoI	3.614	30.152	24.183	11.068	3.284	6.952	28.481	19.404	44.525	38.583	36.019	76.733	3.374	13.436	27.244	13.969	7.883	1.62	58.762	3.167	44.549	24.7	44.498	39.605	8.075	4.687

map_605
	XhoI	XhoI	32.305	18.488	17.26	10.482	42.73	37.485	6.481	29.06	4.547	14.475	60.323	13.128	12.437	19.199	8.085	15.354

map_606
	XhoI	XhoI	2.361	91.796	24.82	64.611	42.963	28.217	20.233	14.977	21.401	40.922	25.728	15.415	20.81	45.383	35.631	89.806	55.381	40.525	2.335	27.29	18.043	7.616	1.806	5.554	23.391	23.605	28.27	24.142	14.599

map_608
	XhoI	XhoI	2.676	58.586	28.871	14.231	71.874	55.145	2.763	37.516	2.107	3.698	2.894	16.741	60.041	36.938	19.058	4.897	32.535	3.642	4.556	17.626	3.007	12.754	28.213	0.73	26.3	33.522	9.614	27.279	28.887	13.417	2.786	21.812	24.018	7.009	14.835	72.12	9.739	10.36	64.508	11.884	18.627	28.582	1.557	2.506	1.913	11.641	15.44	8.697	6.17	45.312	4.218	15.062	20.234	12.854	12.396	0.667

map_609
	XhoI	XhoI	116.01	32.342	14.882	79.243	0.504	4.995	10.312	37.236	32.65	3.417	12.928	87.122	14.466	15.855	110.769	28.703	4.878	24.503	20.397

map_610
	XhoI	XhoI	64.152	3.166	25.931	24.461	68.447	70.083	30.152	24.183	11.068	3.284	6.952	28.481	19.404	44.525	38.583	36.019	76.733	3.374	13.436	27.244	13.969	7.883	1.62	58.762	3.167	44.549	24.7	44.498	39.605	8.075	4.687	32.319	18.488	17.26	10.482	42.73	37.485	6.481	29.06	4.547	14.475	60.323	13.128	12.437	19.199	8.085	17.715	22.542

map_614
	XhoI	XhoI	10.829	9.614	27.279	28.887	13.417	2.786	21.812	24.018	7.009	14.835	72.12	9.739	10.36	64.508	11.884	18.627	28.582	1.557	2.506	1.913	11.641	15.44	8.697	6.17	45.312	4.218	15.062	20.234	12.854	12.396	48.964	34.111	26.191

map_615
	XhoI	XhoI	29.447	56.159	48.165	2.099	13.095	111.629	66.318	116.01	32.342	14.882	79.243	0.504	4.995	10.312	37.236	32.65	3.417	12.928	87.122	14.466	1.692

map_616
	XhoI	XhoI	10.791	11.068	3.284	6.952	28.481	19.404	44.525	38.583	36.019	76.733	3.374	13.436	27.244	13.969	7.883	1.62	58.762	3.167	44.549	24.7	31.513

map_617
	XhoI	XhoI	14.892	10.482	42.73	37.485	6.481	29.06	4.547	14.475	60.323	13.128	12.437	19.199	8.085	17.715	91.796	24.82	64.611	42.963	28.217	20.233	14.977	21.401	40.922	25.728	15.415	20.81	45.383	35.631	89.806	55.381	40.525	2.335	27.29	18.043	7.616	1.806	5.554	23.391	23.605	28.27	24.142	27.238	1.869

