map_1
	XhoI	XhoI	63.523	55.145	2.763	37.516	2.107	3.698	2.894	16.741	60.041	36.938	19.058	4.897	32.535	3.642	4.556	17.626	3.007	12.754	28.213	0.73	26.3	33.522	9.614	27.279	28.887	13.417	2.786	21.812	24.018	7.009	14.835	72.12	9.739	10.36	64.508	11.884	18.627	28.582	1.557	2.506	1.913	11.641	15.44	8.697	6.17	45.312	4.218	15.062	20.234	10.442

map_2
	XhoI	XhoI	2.412	12.396	48.964	34.111	55.638	56.159	48.165	2.099	13.095	111.629	66.318	116.01	20.27

map_3
	XhoI	XhoI	53.033	28.703	4.878	24.503	84.549	3.166	25.931	24.461	68.447	70.083	30.152	24.183	11.068	3.284	6.952	28.481	19.404	44.525	38.583	36.019	76.733	3.374	13.436	27.244	13.969	7.883	1.62	58.762	3.167	44.549	24.7	44.498	39.605	8.075	4.687	32.319	18.488	17.26	2.216

map_4
	XhoI	XhoI	4.091	8.085	17.715	91.796	24.82	64.611	42.963	28.217	20.233	14.977	21.401	40.922	1.697

map_6
	XhoI	XhoI	33.791	2.099	13.095	111.629	66.318	116.01	32.342	14.882	79.243	0.504	4.995	10.312	18.663

map_7
	XhoI	XhoI	85.856	28.703	4.878	24.503	84.549	3.166	25.931	24.461	68.447	70.083	30.152	24.183	11.068	3.284	6.952	28.481	19.404	44.525	38.583	36.019	76.733	3.374	13.436	27.244	13.969	7.883	1.62	58.762	3.167	4.471

map_8
	XhoI	XhoI	40.078	24.7	44.498	39.605	8.075	4.687	32.319	18.488	17.26	10.482	42.73	37.485	6.481	29.06	4.547	14.475	57.199

map_9
	XhoI	XhoI	3.124	13.128	12.437	19.199	8.085	17.715	91.796	24.82	64.611	34.067

map_12
	XhoI	XhoI	5.458	36.938	19.058	4.897	32.535	3.642	4.556	17.626	3.007	12.754	28.213	0.73	26.3	33.522	9.614	27.279	28.887	13.417	2.786	21.812	24.018	7.009	14.835	72.12	9.739	10.36	64.508	11.884	18.627	28.582	1.557	2.506	1.913	11.641	15.44	8.697	6.17	45.312	4.218	15.062	20.234	12.854	12.396	48.964	34.111	55.638	56.159	40.422

map_13
	XhoI	XhoI	7.743	2.099	13.095	111.629	66.318	116.01	32.342	14.882	79.243	0.504	4.995	10.312	37.236	32.65	3.417	12.928	87.122	14.466	15.855	110.769	28.703	4.878	24.503	84.549	3.166	25.931	24.461	68.447	70.083	30.152	24.183	11.068	3.284	6.952	28.481	19.404	44.525	38.583	36.019	76.733	3.374	13.436	27.244	13.969	7.883	1.62	58.762	3.167	44.549	24.7	44.498	39.605	8.075	4.687	32.319	18.488	17.26	10.482	42.73	37.485	6.481	29.06	4.547	14.475	60.323	13.128	12.437	19.199	8.085	17.715	91.796	24.82	64.611	42.963	28.217	20.233	14.977	21.401	40.922	25.728	15.415	20.81	45.383	35.631	89.806	40.145

map_15
	XhoI	XhoI	16.078	2.763	37.516	2.107	3.698	2.894	16.741	60.041	36.938	19.058	4.897	32.535	3.642	4.556	17.626	3.007	12.754	28.213	0.73	26.3	33.522	9.614	27.279	28.887	13.417	2.786	21.812	24.018	7.009	14.835	2.777

map_16
	XhoI	XhoI	69.343	9.739	10.36	64.508	11.884	18.627	28.582	1.557	2.506	1.913	11.641	15.44	8.697	6.17	45.312	4.218	15.062	20.234	12.854	12.396	48.964	34.111	55.638	56.159	48.165	2.099	13.095	111.629	31.638

map_17
	XhoI	XhoI	9.79	79.243	0.504	4.995	10.312	37.236	32.65	3.417	12.928	87.122	7.329

map_20
	XhoI	XhoI	33.428	76.733	3.374	13.436	27.244	13.969	7.883	1.62	58.762	3.167	44.549	24.7	44.498	39.605	8.075	4.687	32.319	18.488	17.26	10.482	42.73	37.485	6.481	29.06	4.547	14.475	60.323	13.128	12.437	19.199	8.085	17.715	91.796	24.82	11.412

map_21
	XhoI	XhoI	53.199	42.963	28.217	20.233	14.977	21.401	40.922	25.728	15.415	20.81	45.383	35.631	89.806	55.381	40.525	2.335	27.29	18.043	7.616	1.806	5.554	23.391	1.261

map_22
	XhoI	XhoI	21.874	55.145	2.763	37.516	2.107	3.698	2.894	16.741	60.041	36.938	19.058	4.897	10.945

map_23
	XhoI	XhoI	21.59	3.642	4.556	17.626	3.007	12.754	28.213	0.73	26.3	33.522	9.614	27.279	28.887	13.417	2.786	21.812	24.018	7.009	14.835	72.12	9.739	10.36	64.508	11.884	18.627	28.582	1.557	2.506	1.913	11.641	15.44	8.697	6.17	45.312	4.218	15.062	20.234	12.854	12.396	48.964	34.111	55.638	56.159	39.962

map_25
	XhoI	XhoI	5.178	14.882	79.243	0.504	4.995	10.312	37.236	32.65	3.417	12.928	87.122	14.466	15.855	110.769	28.703	4.878	24.503	84.549	3.166	25.931	24.461	68.447	70.083	30.152	24.183	11.068	3.284	6.952	28.481	19.404	44.525	38.583	13.239

map_26
	XhoI	XhoI	22.78	76.733	3.374	13.436	27.244	13.969	7.883	1.62	58.762	3.167	44.549	24.7	44.498	12.733

map_27
	XhoI	XhoI	24.231	4.547	14.475	60.323	13.128	12.437	19.199	8.085	17.715	91.796	24.82	64.611	42.963	28.217	20.233	14.977	7.15

map_28
	XhoI	XhoI	14.251	40.922	25.728	15.415	20.81	45.383	35.631	89.806	55.381	40.525	2.335	27.29	18.043	7.616	1.806	5.554	23.391	23.605	28.27	24.142	27.238	8.511	6.776	24.921	1.462	5.108	24.335	11.058	27.07	43.326	0.978

map_31
	XhoI	XhoI	17.946	9.614	27.279	28.887	13.417	2.786	21.812	24.018	7.009	14.835	72.12	9.739	10.36	51.023

map_32
	XhoI	XhoI	13.485	11.884	18.627	28.582	1.557	2.506	1.913	11.641	15.44	8.697	6.17	45.312	4.218	15.062	20.234	12.854	12.396	48.964	34.111	55.638	56.159	48.165	2.099	13.095	111.629	66.318	116.01	32.342	14.882	79.243	0.504	4.995	10.312	37.236	32.65	3.417	12.928	87.122	14.466	15.855	110.769	28.703	4.878	5.615

map_33
	XhoI	XhoI	15.945	24.461	68.447	70.083	30.152	24.183	11.068	3.284	6.952	28.481	19.404	44.525	26.634

map_34
	XhoI	XhoI	11.949	36.019	76.733	3.374	13.436	27.244	13.969	7.883	1.62	58.762	3.167	44.549	24.7	44.498	39.605	8.075	4.687	32.319	18.488	17.26	10.482	42.73	37.485	6.481	29.06	4.547	14.475	60.323	13.128	12.437	19.199	8.085	17.715	66.329

map_35
	XhoI	XhoI	25.467	24.82	64.611	42.963	28.217	20.233	14.977	21.401	40.922	25.728	15.415	19.7

map_37
	XhoI	XhoI	20.159	14.466	15.855	110.769	28.703	4.878	24.503	84.549	3.166	25.931	24.461	51.583

map_38
	XhoI	XhoI	16.864	70.083	30.152	24.183	11.068	3.284	6.952	28.481	19.404	44.525	38.583	36.019	76.733	3.374	13.436	23.417

map_39
	XhoI	XhoI	34.937	37.485	6.481	29.06	4.547	14.475	60.323	13.128	12.437	19.199	8.085	17.715	91.796	24.82	64.611	42.963	28.217	20.233	14.977	21.401	40.922	25.728	15.415	20.81	45.383	35.631	89.806	55.381	40.525	2.335	27.29	18.043	7.616	1.806	5.554	23.391	23.605	28.27	1.78

map_41
	XhoI	XhoI	56.329	36.938	19.058	4.897	32.535	3.642	4.556	17.626	3.007	12.754	28.213	0.73	26.3	33.522	9.614	27.279	28.887	13.417	2.786	21.812	6.369

map_42
	XhoI	XhoI	17.649	7.009	14.835	72.12	9.739	10.36	64.508	11.884	18.627	28.582	1.557	2.506	1.913	11.641	15.44	8.697	6.17	45.312	4.218	15.062	20.234	12.854	12.396	48.964	34.111	55.638	9.039

map_43
	XhoI	XhoI	16.122	66.318	116.01	32.342	14.882	79.243	0.504	4.995	10.312	37.236	32.65	3.417	12.928	87.122	14.466	15.855	110.769	28.703	4.878	24.503	84.549	3.166	25.931	24.461	68.447	70.083	30.152	24.183	11.068	3.284	6.952	28.481	19.404	44.525	38.583	36.019	76.733	3.374	13.436	27.244	13.969	7.883	1.62	58.762	3.167	44.549	24.7	44.498	39.605	8.075	4.687	25.626

map_44
	XhoI	XhoI	6.693	18.488	17.26	10.482	42.73	37.485	6.481	29.06	4.547	14.475	60.323	13.128	12.437	19.199	8.085	17.715	91.796	24.82	64.611	42.963	28.217	20.233	14.977	21.401	40.922

map_46
	XhoI	XhoI	3.003	45.312	4.218	15.062	20.234	12.854	12.396	48.964	34.111	55.638	56.159	48.165	2.099	13.095	89.565

map_47
	XhoI	XhoI	22.064	66.318	116.01	32.342	14.882	79.243	0.504	4.995	10.312	37.236	32.65	3.417	12.928	87.122	14.466	15.855	110.769	28.703	4.878	24.503	84.549	3.166	25.931	24.461	33.025

map_48
	XhoI	XhoI	35.422	70.083	30.152	24.183	11.068	3.284	6.952	28.481	19.404	44.525	38.583	36.019	76.733	3.374	13.436	27.244	3.101

map_49
	XhoI	XhoI	10.868	7.883	1.62	58.762	3.167	44.549	24.7	44.498	39.605	8.075	4.687	32.319	18.488	17.26	10.482	42.73	37.485	6.481	29.06	4.547	14.475	60.323	13.128	12.437	19.199	8.085	17.715	91.796	24.82	64.611	42.963	28.217	20.233	14.977	21.401	40.922	25.728	15.415	20.81	37.572

map_50
	XhoI	XhoI	7.811	35.631	89.806	55.381	40.525	2.335	27.29	18.043	7.616	1.806	5.554	23.391	23.605	28.27	24.142	12.751

map_53
	XhoI	XhoI	16.8	2.107	3.698	2.894	16.741	60.041	36.938	19.058	4.897	32.535	3.642	4.556	17.626	3.007	12.754	28.213	0.73	26.3	33.522	9.614	27.279	28.887	13.417	2.786	21.812	24.018	7.009	14.835	72.12	9.739	10.36	64.508	11.884	18.627	28.582	1.557	2.506	1.913	11.641	10.653

map_54
	XhoI	XhoI	4.787	8.697	6.17	45.312	4.218	15.062	20.234	12.854	12.396	48.964	34.111	55.638	56.159	48.165	2.099	13.095	111.629	66.318	116.01	32.342	14.882	79.243	0.504	4.995	10.312	37.236	32.65	3.417	12.928	87.122	14.466	15.855	110.769	28.703	4.878	24.503	51.826

map_55
	XhoI	XhoI	0.933	3.166	25.931	24.461	68.447	70.083	30.152	24.183	11.068	3.284	4.445

map_56
	XhoI	XhoI	7.172	13.969	7.883	1.62	58.762	3.167	44.549	24.7	44.498	39.605	8.075	4.687	32.319	18.488	17.26	10.482	42.73	37.485	6.481	29.06	4.547	14.475	60.323	13.128	12.437	19.199	8.085	17.715	91.796	24.82	64.611	42.963	28.217	20.233	14.977	21.401	40.922	25.728	15.415	20.81	45.383	35.631	8.927

map_58
	XhoI	XhoI	2.661	2.786	21.812	24.018	7.009	14.835	72.12	9.739	10.36	64.508	11.884	18.627	28.582	1.557	2.506	1.913	11.641	15.44	8.697	6.17	45.312	4.218	15.062	20.234	12.854	12.396	48.964	34.111	55.638	56.159	48.165	2.099	13.095	111.629	66.318	116.01	32.342	14.882	79.243	0.504	4.995	10.312	37.236	32.65	3.417	12.928	87.122	14.466	15.855	30.485

map_61
	XhoI	XhoI	5.492	3.374	13.436	27.244	13.969	7.883	1.62	58.762	3.167	44.549	24.7	44.498	39.605	8.075	4.687	32.319	18.488	17.26	10.482	42.73	5.119

map_62
	XhoI	XhoI	32.366	6.481	29.06	4.547	14.475	60.323	13.128	12.437	19.199	8.085	17.715	91.796	24.82	64.611	42.963	3.162

map_63
	XhoI	XhoI	25.055	20.233	14.977	21.401	40.922	25.728	15.415	20.81	45.383	35.631	89.806	55.381	40.525	2.335	27.29	18.043	7.616	1.806	5.554	23.391	23.605	28.27	24.142	27.238	8.511	6.776	24.921	1.462	5.108	24.335	11.058	27.07	43.326	49.95	51.518	0.775

map_66
	XhoI	XhoI	27.752	55.638	56.159	48.165	2.099	13.095	111.629	66.318	116.01	32.342	14.882	79.243	0.504	4.995	10.312	37.236	32.65	3.417	12.928	87.122	14.466	15.855	110.769	17.397

map_68
	XhoI	XhoI	60.548	30.152	24.183	11.068	3.284	6.952	28.481	19.404	44.525	38.583	36.019	76.733	3.374	13.436	27.244	13.969	7.883	1.62	58.762	3.167	44.549	24.7	24.286

map_69
	XhoI	XhoI	20.212	39.605	8.075	4.687	32.319	18.488	17.26	10.482	42.73	37.485	6.481	29.06	4.547	14.475	60.323	13.128	12.437	19.199	8.085	17.715	9.836

map_71
	XhoI	XhoI	23.392	25.728	15.415	20.81	45.383	35.631	89.806	55.381	40.525	2.335	27.29	18.043	7.616	1.806	5.554	23.391	23.605	28.27	24.142	27.238	6.833

map_73
	XhoI	XhoI	19.129	14.466	15.855	110.769	28.703	4.878	24.503	84.549	3.166	25.931	24.461	68.447	70.083	30.152	24.183	11.068	3.284	6.952	28.481	19.404	18.479

map_74
	XhoI	XhoI	26.046	38.583	36.019	76.733	3.374	13.436	27.244	13.969	7.883	1.62	58.762	3.167	44.549	24.7	44.498	39.605	8.075	4.687	32.319	5.229

map_75
	XhoI	XhoI	9.303	4.547	14.475	60.323	13.128	12.437	19.199	8.085	17.715	91.796	24.82	64.611	42.963	28.217	20.233	14.977	21.401	40.922	25.728	15.415	20.81	45.383	35.631	89.806	55.381	40.525	2.335	27.29	18.043	7.616	1.806	5.554	23.391	23.605	28.27	24.142	27.238	8.511	6.776	24.921	1.462	5.108	24.335	11.058	27.07	43.326	49.95	51.518	16.481	37.904	4.946	35.071	17.61	58.586	28.871	14.231	71.874	55.145	2.763	37.516	2.107	3.698	2.894	16.741	60.041	36.938	19.058	4.897	32.535	3.642	4.556	17.626	3.007	12.754	28.213	0.73	26.3	33.522	9.614	27.279	28.887	13.417	2.786	21.812	24.018	7.009	14.835	72.12	9.739	10.36	64.508	11.884	18.627	28.582	1.557	2.506	1.913	11.641	15.44	8.697	6.17	45.312	4.218	15.062	20.234	12.854	12.396	48.964	34.111	13.975

map_78
	XhoI	XhoI	5.576	110.769	28.703	4.878	24.503	84.549	3.166	25.931	24.461	68.447	70.083	30.152	24.183	11.068	3.284	6.952	28.481	19.404	44.525	38.583	36.019	76.733	3.374	13.436	27.244	13.969	7.883	1.62	58.762	3.167	44.549	24.7	26.273

map_79
	XhoI	XhoI	18.225	39.605	8.075	4.687	32.319	18.488	17.26	10.482	42.73	37.485	6.481	29.06	4.547	14.475	60.323	13.128	12.437	19.199	8.085	17.715	91.796	24.82	64.611	42.963	28.217	20.233	14.977	21.401	17.156

map_80
	XhoI	XhoI	8.559	15.415	20.81	45.383	35.631	89.806	55.381	40.525	2.335	27.29	18.043	7.616	1.806	5.554	23.391	23.605	3.291

map_83
	XhoI	XhoI	13.638	60.041	36.938	19.058	4.897	32.535	3.642	4.556	17.626	3.007	12.754	28.213	0.73	26.3	33.522	9.614	27.279	28.887	13.417	2.786	21.812	24.018	7.009	14.835	72.12	9.739	10.36	64.508	11.884	18.627	28.582	1.557	2.506	1.913	11.641	15.44	8.697	6.17	45.312	4.218	15.062	20.234	12.854	12.396	48.964	34.111	55.638	56.159	48.165	2.099	13.095	111.629	66.318	116.01	32.342	14.882	59.724

map_84
	XhoI	XhoI	19.519	0.504	4.995	10.312	37.236	32.65	3.417	12.928	87.122	14.466	15.855	110.769	28.703	4.878	24.503	84.549	3.166	25.931	24.461	68.447	70.083	30.152	24.183	11.068	3.284	6.952	28.481	6.966

map_85
	XhoI	XhoI	2.878	76.733	3.374	13.436	27.244	13.969	7.883	1.62	58.762	3.167	44.549	24.7	44.498	39.605	8.075	4.687	32.319	18.488	17.26	10.482	42.73	37.485	6.481	29.06	4.547	14.475	38.889

map_86
	XhoI	XhoI	21.434	13.128	12.437	19.199	8.085	17.715	91.796	24.82	64.611	42.963	28.217	20.233	14.977	21.401	40.922	25.728	15.415	20.81	45.383	34.086

map_89
	XhoI	XhoI	5.196	3.284	6.952	28.481	19.404	44.525	38.583	36.019	76.733	3.374	13.436	27.244	13.969	7.883	1.62	58.762	3.167	44.549	24.7	44.498	39.605	8.075	4.687	32.319	18.488	17.26	10.482	42.73	8.398

map_90
	XhoI	XhoI	5.104	13.128	12.437	19.199	8.085	17.715	91.796	24.82	64.611	42.963	28.217	20.233	14.977	21.401	40.922	8.152

map_91
	XhoI	XhoI	17.576	15.415	20.81	45.383	35.631	89.806	55.381	40.525	2.335	27.29	18.043	7.616	1.806	5.554	23.391	23.605	28.27	24.142	27.238	8.511	6.776	24.921	1.462	5.108	24.335	11.058	15.289

map_93
	XhoI	XhoI	9.812	55.145	2.763	37.516	2.107	3.698	2.894	16.741	60.041	36.938	19.058	4.897	32.535	3.642	4.556	17.626	3.007	12.754	28.213	0.73	26.3	6.776

map_94
	XhoI	XhoI	26.746	9.614	27.279	28.887	13.417	2.786	21.812	24.018	7.009	14.835	72.12	9.739	10.36	64.508	11.884	18.627	28.582	1.557	2.506	1.913	11.641	15.44	8.697	6.17	45.312	4.218	1.983

map_95
	XhoI	XhoI	37.952	56.159	48.165	2.099	13.095	111.629	66.318	116.01	32.342	14.882	79.243	0.504	4.995	10.312	37.236	32.65	3.417	12.928	87.122	14.466	15.855	110.769	28.703	4.878	24.503	84.549	3.166	25.931	24.461	68.447	70.083	30.152	24.183	11.068	3.284	6.952	28.481	19.404	44.525	38.583	36.019	76.733	3.374	13.436	27.244	13.969	7.883	1.62	58.762	3.167	44.549	24.7	44.498	39.605	8.075	4.687	32.319	18.488	17.26	10.482	42.73	37.485	6.481	29.06	4.547	14.475	60.323	13.128	12.437	19.199	8.085	17.715	19.474

map_97
	XhoI	XhoI	36.629	36.938	19.058	4.897	32.535	3.642	4.556	17.626	3.007	12.754	28.213	0.73	26.3	33.522	9.614	27.279	28.887	13.417	2.786	21.812	24.018	7.009	14.835	72.12	9.739	10.36	64.508	11.884	18.627	28.582	1.557	2.506	1.913	11.641	15.44	8.697	6.17	45.312	4.218	15.062	20.234	12.854	12.396	48.964	34.111	55.638	56.159	48.165	2.099	13.095	56.319

map_98
	XhoI	XhoI	55.31	66.318	116.01	32.342	14.882	79.243	0.504	4.995	10.312	37.236	32.65	3.417	12.928	87.122	14.466	15.855	15.673

map_100
	XhoI	XhoI	31.39	76.733	3.374	13.436	27.244	13.969	7.883	1.62	58.762	3.167	44.549	24.7	2.99

map_101
	XhoI	XhoI	41.508	39.605	8.075	4.687	32.319	18.488	17.26	10.482	42.73	37.485	6.481	29.06	4.547	14.475	60.323	13.128	12.437	19.199	8.085	17.715	91.796	24.82	64.611	42.963	28.217	20.233	14.977	21.401	40.922	25.728	15.415	20.81	45.383	35.631	89.806	55.381	40.525	2.335	27.29	18.043	7.616	1.806	5.554	23.391	23.605	28.27	24.142	27.238	8.511	6.776	24.921	1.462	5.108	24.335	11.058	4.918

map_103
	XhoI	XhoI	24.179	19.058	4.897	32.535	3.642	4.556	17.626	3.007	12.754	28.213	0.73	26.3	33.522	9.614	27.279	28.887	13.417	2.786	21.812	24.018	7.009	14.835	72.12	9.739	10.36	64.508	11.884	18.627	28.582	1.557	2.506	1.913	11.641	15.44	8.697	6.17	45.312	4.218	15.062	20.234	12.854	12.396	48.964	34.111	55.638	56.159	48.165	2.099	13.095	57.594

map_104
	XhoI	XhoI	54.035	66.318	116.01	32.342	14.882	79.243	0.504	4.995	10.312	37.236	32.65	3.417	12.928	87.122	14.466	15.855	110.769	28.703	4.878	24.503	84.549	3.166	25.931	24.461	68.447	70.083	30.152	24.183	11.068	3.284	1.332

map_105
	XhoI	XhoI	5.62	28.481	19.404	44.525	38.583	36.019	76.733	3.374	13.436	27.244	13.969	7.883	1.62	20.183

map_106
	XhoI	XhoI	38.579	3.167	44.549	24.7	44.498	39.605	8.075	4.687	32.319	18.488	17.26	10.482	42.73	37.485	6.481	29.06	4.547	14.475	1.176

map_107
	XhoI	XhoI	5.867	12.437	19.199	8.085	17.715	91.796	24.82	64.611	42.963	28.217	20.233	0.993

map_108
	XhoI	XhoI	13.984	21.401	40.922	25.728	15.415	20.81	45.383	35.631	89.806	55.381	40.525	0.912

map_111
	XhoI	XhoI	18.025	24.461	68.447	70.083	30.152	24.183	11.068	3.284	6.952	28.481	19.404	44.525	38.583	36.019	76.733	3.374	13.436	27.244	13.969	7.883	1.62	58.762	3.167	44.549	24.7	44.498	16.169

map_112
	XhoI	XhoI	20.794	6.481	29.06	4.547	14.475	60.323	13.128	12.437	19.199	8.085	17.715	91.796	24.82	64.611	42.963	28.217	20.233	14.977	21.401	18.776

map_114
	XhoI	XhoI	9.015	4.897	32.535	3.642	4.556	17.626	3.007	12.754	28.213	0.73	26.3	33.522	9.614	27.279	28.887	13.417	2.786	21.812	24.018	7.009	14.835	72.12	9.739	10.36	64.508	11.884	18.627	28.582	1.557	2.506	1.913	11.641	15.44	8.697	6.17	45.312	4.218	15.062	20.234	12.854	12.396	10.525

map_115
	XhoI	XhoI	106.18	66.318	116.01	32.342	14.882	79.243	0.504	4.995	10.312	37.236	32.65	3.417	12.928	87.122	14.466	15.855	110.769	28.703	4.878	24.503	84.549	3.166	25.931	24.461	68.447	70.083	30.152	9.178

map_116
	XhoI	XhoI	32.025	3.374	13.436	27.244	13.969	7.883	1.62	58.762	3.167	44.549	24.7	44.498	39.605	8.075	4.687	32.319	18.488	17.26	10.482	42.73	37.485	6.481	29.06	4.547	14.475	60.323	13.128	12.437	19.199	8.085	17.715	57.526

map_117
	XhoI	XhoI	43.329	35.631	89.806	55.381	40.525	2.335	27.29	18.043	7.616	1.806	5.554	23.391	23.605	28.27	24.142	27.238	8.511	6.776	24.921	1.462	5.108	24.335	11.058	27.07	43.326	49.95	51.518	16.481	37.904	4.946	35.071	17.61	58.586	28.871	14.231	71.874	55.145	2.763	37.516	2.107	3.698	2.894	16.741	60.041	36.938	10.043

map_119
	XhoI	XhoI	5.113	27.279	28.887	13.417	2.786	21.812	24.018	7.009	14.835	72.12	9.739	10.36	64.508	11.884	18.627	28.582	1.557	2.506	1.913	11.641	15.44	8.697	6.17	45.312	4.218	15.062	20.234	12.854	12.396	48.964	34.111	55.638	56.159	48.165	2.099	13.095	111.629	4.176

map_120
	XhoI	XhoI	62.142	116.01	32.342	14.882	79.243	0.504	4.995	10.312	37.236	32.65	3.417	12.928	87.122	14.466	15.855	108.697

map_121
	XhoI	XhoI	2.072	28.703	4.878	24.503	84.549	3.166	25.931	24.461	68.447	70.083	30.152	24.183	11.068	3.284	6.952	28.481	19.404	44.525	38.583	36.019	26.896

map_122
	XhoI	XhoI	49.837	3.374	13.436	27.244	13.969	7.883	1.62	58.762	3.167	44.549	24.7	44.498	39.605	8.075	4.687	32.319	18.488	17.26	10.482	42.73	37.485	6.481	29.06	4.547	14.475	4.896

map_124
	XhoI	XhoI	17.51	28.217	20.233	14.977	21.401	40.922	25.728	15.415	20.81	45.383	35.631	89.806	55.381	40.525	2.335	27.29	7.22

map_126
	XhoI	XhoI	30.955	2.107	3.698	2.894	16.741	60.041	36.938	19.058	4.897	32.535	3.642	4.556	17.626	3.007	12.754	28.213	0.73	26.3	33.522	9.614	27.279	28.887	13.417	2.786	21.812	1.264

map_127
	XhoI	XhoI	22.754	7.009	14.835	72.12	9.739	10.36	64.508	11.884	18.627	28.582	1.557	2.506	1.913	11.641	15.44	8.697	6.17	45.312	4.218	15.062	20.234	12.854	12.396	48.964	34.111	54.207

map_128
	XhoI	XhoI	1.431	56.159	48.165	2.099	13.095	111.629	66.318	116.01	32.342	14.882	79.243	0.504	4.995	10.312	37.236	32.65	3.417	12.928	87.122	14.466	15.855	110.769	28.703	4.878	24.503	80.222

map_129
	XhoI	XhoI	6.993	24.183	11.068	3.284	6.952	28.481	19.404	44.525	38.583	36.019	76.733	3.374	13.436	27.244	13.969	7.883	1.62	58.762	3.167	44.549	24.7	44.498	39.605	8.075	4.687	32.319	18.488	17.26	3.125

map_130
	XhoI	XhoI	54.279	24.82	64.611	42.963	28.217	20.233	14.977	21.401	40.922	25.728	15.415	20.81	45.383	35.631	66.642

map_132
	XhoI	XhoI	2.316	1.913	11.641	15.44	8.697	6.17	45.312	4.218	15.062	20.234	12.854	12.396	48.964	34.111	39.876

map_133
	XhoI	XhoI	15.762	56.159	48.165	2.099	13.095	111.629	66.318	116.01	32.342	14.882	79.243	0.504	4.995	10.312	37.236	32.65	3.417	12.928	87.122	14.466	15.855	110.769	28.703	4.878	24.503	25.936

map_134
	XhoI	XhoI	57.481	30.152	24.183	11.068	3.284	6.952	28.481	19.404	44.525	38.583	36.019	76.733	3.374	13.436	27.244	13.969	7.883	1.62	58.762	3.167	44.549	24.7	44.498	39.605	8.075	4.687	32.319	18.488	17.26	10.482	42.73	37.485	6.481	19.036

map_135
	XhoI	XhoI	10.024	4.547	14.475	60.323	13.128	12.437	19.199	8.085	17.715	91.796	24.82	56.87

map_136
	XhoI	XhoI	7.741	42.963	28.217	20.233	14.977	21.401	40.922	25.728	15.415	20.81	45.383	35.631	89.806	55.381	40.525	2.335	27.29	18.043	7.616	1.806	5.554	23.391	23.605	28.27	24.142	27.238	8.511	6.776	24.921	1.462	5.108	24.335	11.058	27.07	43.326	49.95	51.518	16.481	37.904	4.946	5.38

map_138
	XhoI	XhoI	35.596	2.099	13.095	111.629	66.318	116.01	32.342	14.882	79.243	0.504	4.995	10.312	37.236	32.65	3.417	12.928	67.558

map_139
	XhoI	XhoI	1.981	70.083	30.152	24.183	11.068	3.284	6.952	28.481	19.404	44.525	38.583	36.019	76.733	3.374	13.436	27.244	13.969	7.883

map_140
	XhoI	XhoI	41.461	3.167	44.549	24.7	44.498	39.605	8.075	4.687	32.319	18.488	17.26	10.482	42.73	37.485	6.481	29.06	4.547	14.475	60.323	13.128	12.437	19.199	8.085	17.715	91.796	24.82	64.611	42.963	28.217	20.233	14.977	21.401	40.922	25.728	15.415	20.81	45.383	25.608

map_141
	XhoI	XhoI	10.023	89.806	55.381	40.525	2.335	27.29	18.043	7.616	1.806	5.554	23.391	23.605	28.27	24.142	27.238	8.511	6.776	24.921	1.462	5.108	24.335	11.058	27.07	43.326	49.95	51.518	16.481	37.904	4.946	35.071	17.61	58.586	8.049

map_144
	XhoI	XhoI	28.894	3.642	4.556	17.626	3.007	12.754	28.213	0.73	26.3	33.522	9.614	27.279	28.887	13.417	2.786	21.812	24.018	7.009	14.835	72.12	9.739	10.36	64.508	11.884	18.627	28.582	1.557	2.506	1.913	11.641	15.44	8.697	6.17	45.312	4.218	15.062	20.234	12.854	12.396	48.964	34.111	55.638	56.159	48.165	2.099	13.095	111.629	1.976

map_145
	XhoI	XhoI	94.176	32.342	14.882	79.243	0.504	4.995	10.312	37.236	32.65	3.417	12.928	29.208

map_146
	XhoI	XhoI	17.354	84.549	3.166	25.931	24.461	68.447	70.083	30.152	24.183	11.068	3.284	6.952	6.797

map_147
	XhoI	XhoI	21.684	19.404	44.525	38.583	36.019	76.733	3.374	13.436	27.244	13.969	7.883	1.62	16.123

map_148
	XhoI	XhoI	42.639	3.167	44.549	24.7	44.498	39.605	8.075	4.687	32.319	18.488	17.26	10.482	42.73	6.636

map_149
	XhoI	XhoI	30.849	6.481	29.06	4.547	14.475	60.323	13.128	12.437	19.199	8.085	17.715	91.796	24.82	64.611	42.963	28.217	20.233	14.977	21.401	40.922	25.728	15.415	20.81	45.383	35.631	89.806	55.381	40.525	2.335	27.29	18.043	7.616	1.806	5.554	23.391	23.605	28.27	24.142	27.238	8.511	6.776	24.921	1.462	5.108	24.335	11.058	27.07	43.326	13.646

map_151
	XhoI	XhoI	10.244	2.786	21.812	24.018	7.009	14.835	72.12	9.739	10.36	64.508	11.884	18.627	28.582	1.557	2.506	1.913	11.641	15.44	8.697	6.17	45.312	4.218	15.062	20.234	12.854	12.396	31.906

map_152
	XhoI	XhoI	16.325	34.111	55.638	56.159	48.165	2.099	13.095	111.629	66.318	25.811

map_153
	XhoI	XhoI	90.199	32.342	14.882	79.243	0.504	4.995	10.312	37.236	32.65	3.417	12.928	87.122	14.466	15.855	110.769	28.703	4.878	24.503	84.549	3.166	25.931	24.461	15.177

map_154
	XhoI	XhoI	53.27	70.083	30.152	24.183	11.068	3.284	6.952	28.481	19.404	44.525	38.583	36.019	76.733	3.374	13.436	27.244	13.969	7.883	1.62	58.762	3.167	44.549	24.7	44.498	39.605	8.075	4.687	32.319	18.488	17.26	10.482	42.73	37.485	6.481	29.06	4.547	14.475	60.323	13.128	12.437	19.199	8.085	17.715	91.796	24.82	64.611	42.963	28.217	20.233	12.562

map_155
	XhoI	XhoI	5.416	35.631	89.806	55.381	40.525	2.335	27.29	18.043	7.616	1.806	5.554	23.391	23.605	28.27	24.142	27.238	8.511	6.776	24.921	1.462	5.108	24.335	11.058	27.07	24.238

map_157
	XhoI	XhoI	21.392	36.938	19.058	4.897	32.535	3.642	4.556	17.626	3.007	12.754	28.213	0.73	26.3	33.522	9.614	27.279	28.887	13.417	2.786	21.812	24.018	7.009	14.835	72.12	9.739	10.36	64.508	11.884	18.627	28.582	1.557	2.506	1.913	11.641	15.44	8.697	6.17	45.312	4.218	15.062	20.234	12.854	12.396	48.964	34.111	55.638	56.159	18.599

map_158
	XhoI	XhoI	29.566	2.099	13.095	111.629	66.318	116.01	32.342	14.882	79.243	0.504	4.995	4.946

map_159
	XhoI	XhoI	5.366	37.236	32.65	3.417	12.928	87.122	14.466	15.855	110.769	28.703	4.878	24.503	84.549	3.166	25.931	24.461	68.447	70.083	30.152	24.183	11.068	3.284	6.952	28.481	19.404	44.525	38.583	36.019	76.733	3.374	13.436	27.244	13.969	7.883	1.62	58.762	3.167	44.549	24.7	44.498	39.605	8.075	4.687	32.319	18.488	17.26	10.482	42.73	37.485	6.481	29.06	4.547	14.475	40.887

map_160
	XhoI	XhoI	2.29	13.128	12.437	19.199	8.085	17.715	91.796	24.82	64.611	42.963	28.217	20.233	14.977	21.401	40.922	25.728	15.415	20.81	45.383	35.631	89.806	55.381	40.525	2.335	27.29	18.043	7.616	1.806	5.554	23.391	23.605	28.27	24.142	25.577

map_162
	XhoI	XhoI	15.401	9.614	27.279	28.887	13.417	2.786	21.812	24.018	7.009	14.835	72.12	9.739	10.36	64.508	11.884	18.627	28.582	1.557	2.506	1.913	11.641	15.44	8.697	6.17	45.312	4.218	15.062	20.234	12.854	12.396	48.964	34.111	55.638	56.159	48.165	2.099	13.095	111.629	66.318	86.547

map_163
	XhoI	XhoI	29.463	32.342	14.882	79.243	0.504	4.995	10.312	37.236	32.65	3.417	12.928	87.122	14.466	15.855	110.769	28.703	4.878	24.503	9.837

map_165
	XhoI	XhoI	13.674	3.374	13.436	27.244	13.969	7.883	1.62	58.762	3.167	44.549	24.7	44.498	39.605	8.075	4.687	32.319	18.488	17.26	10.482	42.73	37.485	6.481	29.06	4.547	14.475	60.323	13.128	12.437	19.199	8.085	17.715	91.796	24.82	29.79

map_166
	XhoI	XhoI	34.821	42.963	28.217	20.233	14.977	21.401	40.922	25.728	15.415	20.81	45.383	35.631	89.806	55.381	40.525	2.335	27.29	18.043	7.616	1.806	5.554	23.391	23.605	28.27	24.142	27.238	8.511	6.776	24.921	1.462	5.108	18.132

map_169
	XhoI	XhoI	28.1	9.739	10.36	64.508	11.884	18.627	28.582	1.557	2.506	1.913	11.641	15.44	8.697	6.17	45.312	4.218	15.062	20.234	12.854	12.396	48.964	34.111	2.472

map_170
	XhoI	XhoI	53.166	56.159	48.165	2.099	13.095	111.629	66.318	116.01	32.342	14.882	79.243	0.504	4.995	10.312	37.236	32.65	3.417	12.928	35.048

map_171
	XhoI	XhoI	52.074	14.466	15.855	110.769	28.703	4.878	24.503	84.549	3.166	25.931	24.461	68.447	70.083	30.152	24.183	11.068	3.284	6.952	28.481	19.404	44.525	38.583	36.019	76.733	3.374	13.436	27.244	13.969	7.883	1.62	58.762	3.167	44.549	5.182

map_172
	XhoI	XhoI	19.441	18.488	17.26	10.482	42.73	37.485	6.481	29.06	4.547	14.475	60.323	13.128	12.437	19.199	8.085	17.715	90.527

map_173
	XhoI	XhoI	1.269	24.82	64.611	42.963	28.217	20.233	14.977	21.401	40.922	25.728	15.415	20.81	45.383	35.631	89.806	55.381	40.525	2.335	27.29	18.043	7.616	1.806	5.554	23.391	9.336

map_174
	XhoI	XhoI	17.387	33.522	9.614	27.279	28.887	13.417	2.786	21.812	24.018	7.009	14.835	72.12	9.739	10.36	64.508	11.884	18.627	28.582	1.557	2.506	1.913	11.641	15.44	8.697	6.17	45.312	4.218	15.062	20.234	12.441

map_175
	XhoI	XhoI	41.362	48.165	2.099	13.095	111.629	66.318	116.01	32.342	14.882	79.243	0.504	4.995	10.312	37.236	32.65	3.417	12.928	87.122	14.466	15.855	110.769	28.703	4.878	24.503	84.549	3.166	25.931	24.461	68.447	70.083	30.152	24.183	11.068	3.284	6.952	14.932

map_176
	XhoI	XhoI	13.549	19.404	44.525	38.583	36.019	76.733	3.374	13.436	27.244	13.969	7.883	1.62	58.762	3.167	44.549	24.7	44.498	39.605	8.075	4.687	18.153

map_177
	XhoI	XhoI	14.166	18.488	17.26	10.482	42.73	37.485	6.481	29.06	4.547	14.475	60.323	13.128	12.437	19.199	8.085	17.715	87.284

map_178
	XhoI	XhoI	34.473	35.631	89.806	55.381	40.525	2.335	27.29	18.043	7.616	1.806	5.554	23.391	23.605	28.27	24.142	27.238	8.511	6.776	24.921	1.462	5.108	24.335	11.058	27.07	43.326	49.95	51.518	16.481	37.904	4.946	35.071	17.61	58.586	28.871	14.231	71.874	55.145	2.763	37.516	2.107	3.698	2.894	16.741	60.041	36.938	19.058	4.897	32.535	3.642	4.556	17.626	3.007	12.754	28.213	0.73	8.913

map_180
	XhoI	XhoI	59.52	9.739	10.36	64.508	11.884	18.627	28.582	1.557	2.506	1.913	11.641	15.44	8.697	6.17	45.312	4.218	15.062	20.234	12.854	12.396	48.964	18.066

map_181
	XhoI	XhoI	16.045	55.638	56.159	48.165	2.099	13.095	111.629	66.318	116.01	32.342	14.882	79.243	0.504	4.995	10.312	37.236	32.65	3.417	12.928	65.679

map_182
	XhoI	XhoI	21.443	14.466	15.855	110.769	28.703	4.878	24.503	84.549	3.166	25.931	24.461	68.447	69.121

map_183
	XhoI	XhoI	0.962	30.152	24.183	11.068	3.284	6.952	28.481	19.404	44.525	38.583	36.019	76.733	3.374	13.436	27.244	13.969	7.883	1.62	58.762	3.167	17.528

map_184
	XhoI	XhoI	7.963	42.73	37.485	6.481	29.06	4.547	14.475	60.323	13.128	12.437	19.199	8.085	17.715	83.989

map_185
	XhoI	XhoI	7.807	24.82	64.611	42.963	28.217	20.233	14.977	21.401	40.922	25.728	15.415	20.81	45.383	35.631	89.806	55.381	40.525	2.335	27.29	18.043	7.616	1.806	5.554	23.391	23.605	28.27	24.142	27.238	8.511	6.776	24.921	1.462	5.108	24.335	11.058	27.07	43.326	49.95	27.953

map_187
	XhoI	XhoI	4.133	9.739	10.36	64.508	11.884	18.627	28.582	1.557	2.506	1.913	11.641	15.44	8.697	6.17	45.312	4.218	15.062	20.234	12.854	12.396	48.964	34.111	55.638	56.159	16.35

map_188
	XhoI	XhoI	26.957	66.318	116.01	32.342	14.882	79.243	0.504	4.995	10.312	37.236	32.65	3.417	12.928	81.763

map_189
	XhoI	XhoI	5.359	14.466	15.855	110.769	28.703	4.878	24.503	84.549	3.166	25.931	24.461	68.447	70.083	30.152	24.183	11.068	3.284	6.952	28.481	2.806

map_190
	XhoI	XhoI	28.226	38.583	36.019	76.733	3.374	13.436	27.244	13.969	7.883	1.62	58.762	3.167	44.549	24.7	44.498	39.605	8.075	4.687	32.319	18.488	17.26	10.482	42.73	37.485	6.481	29.06	4.547	14.475	60.323	13.128	12.437	19.199	8.085	17.715	91.796	24.82	64.611	42.963	28.217	20.233	14.977	21.401	40.922	24.878

map_191
	XhoI	XhoI	0.85	15.415	20.81	45.383	35.631	89.806	55.381	40.525	2.335	27.29	18.043	7.616	1.806	5.554	23.391	23.605	28.27	24.142	13.292

map_193
	XhoI	XhoI	18.114	9.614	27.279	28.887	13.417	2.786	21.812	24.018	7.009	14.835	72.12	9.739	10.36	64.508	11.884	18.627	28.358

map_194
	XhoI	XhoI	1.557	2.506	1.913	11.641	15.44	8.697	6.17	45.312	4.218	15.062	20.234	12.854	12.396	48.964	34.111	55.638	56.159	36.017

map_195
	XhoI	XhoI	12.148	2.099	13.095	111.629	66.318	116.01	32.342	14.882	79.243	0.504	4.995	10.312	37.236	32.65	3.417	12.928	24.433

map_196
	XhoI	XhoI	62.689	14.466	15.855	110.769	28.703	4.878	24.503	84.549	3.166	25.931	24.461	68.447	70.083	30.152	24.183	11.068	3.284	6.952	28.481	19.404	44.525	38.583	36.019	76.733	3.374	13.436	27.244	13.969	7.883	1.62	58.762	3.167	19.75

map_197
	XhoI	XhoI	24.799	24.7	44.498	39.605	8.075	4.687	32.319	18.488	17.26	10.482	42.73	37.485	6.481	29.06	4.547	14.475	60.323	13.128	12.437	19.199	8.085	17.715	91.796	24.82	64.611	42.963	28.217	20.233	14.977	21.401	40.922	25.728	15.415	20.81	41.205

map_198
	XhoI	XhoI	4.178	35.631	89.806	55.381	40.525	2.335	27.29	18.043	7.616	1.806	5.554	23.391	23.605	28.27	24.142	27.238	8.511	6.776	24.921	1.462	5.108	6.238

map_200
	XhoI	XhoI	62.934	55.145	2.763	37.516	2.107	3.698	2.894	16.741	60.041	36.938	19.058	4.897	32.535	3.642	4.556	17.626	3.007	12.754	28.213	0.73	26.3	10.243

map_201
	XhoI	XhoI	23.279	9.614	27.279	28.887	13.417	2.786	21.812	24.018	7.009	14.835	72.12	9.739	10.36	64.508	11.884	18.627	28.582	1.557	2.506	1.913	11.641	15.44	8.697	6.17	45.312	4.218	15.062	20.234	12.854	12.396	48.964	34.111	55.638	56.159	48.165	2.099	13.095	85.971

map_203
	XhoI	XhoI	2.321	32.65	3.417	12.928	87.122	14.466	15.855	110.769	28.703	4.878	24.503	84.549	3.166	25.931	24.461	68.447	70.083	30.152	24.183	11.068	3.284	6.952	28.481	19.404	44.525	3.54

map_204
	XhoI	XhoI	35.043	36.019	76.733	3.374	13.436	27.244	13.969	7.883	1.62	58.762	3.167	44.549	24.7	44.498	39.605	8.075	4.687	8.742

map_205
	XhoI	XhoI	23.577	18.488	17.26	10.482	42.73	37.485	6.481	29.06	4.547	14.475	60.323	13.128	12.437	19.199	8.085	17.715	91.796	24.82	64.611	42.963	28.217	20.233	4.085

map_208
	XhoI	XhoI	24.602	28.887	13.417	2.786	21.812	24.018	7.009	14.835	72.12	9.739	10.36	64.508	11.884	18.627	18.722

map_209
	XhoI	XhoI	9.86	1.557	2.506	1.913	11.641	15.44	8.697	6.17	45.312	4.218	15.062	20.234	12.854	12.396	48.964	34.111	31.63

map_210
	XhoI	XhoI	36.222	66.318	116.01	32.342	14.882	79.243	0.504	4.995	10.312	37.236	32.65	3.417	12.928	87.122	14.466	15.855	105.1

map_211
	XhoI	XhoI	5.669	28.703	4.878	24.503	84.549	3.166	25.931	24.461	68.447	70.083	30.152	24.183	11.068	3.284	6.952	28.481	19.404	44.525	38.583	36.019	76.733	3.374	13.436	27.244	13.969	7.883	1.62	58.762	3.167	22.224

map_212
	XhoI	XhoI	22.325	24.7	44.498	39.605	8.075	4.687	32.319	18.488	17.26	10.482	42.73	37.485	6.481	29.06	4.547	14.475	60.323	13.128	12.437	19.199	8.085	17.715	91.796	24.82	64.611	42.963	28.217	20.233	14.977	21.401	6.6

map_213
	XhoI	XhoI	34.322	25.728	15.415	20.81	45.383	35.631	89.806	55.381	40.525	2.335	27.29	18.043	7.616	1.806	5.554	9.151

map_216
	XhoI	XhoI	1.841	34.111	55.638	56.159	48.165	2.099	13.095	111.629	66.318	116.01	32.342	14.882	79.243	0.504	4.995	10.312	37.236	32.65	3.417	12.928	87.122	4.433

map_218
	XhoI	XhoI	15.884	11.068	3.284	6.952	28.481	19.404	44.525	38.583	36.019	76.733	3.374	13.436	27.244	13.969	7.883	1.62	58.762	3.167	8.366

map_219
	XhoI	XhoI	36.183	24.7	44.498	39.605	8.075	4.687	32.319	18.488	17.26	10.482	42.73	37.485	6.481	29.06	4.547	14.475	60.323	13.128	12.437	19.199	8.085	17.715	4.186

map_220
	XhoI	XhoI	2.72	40.922	25.728	15.415	20.81	45.383	35.631	89.806	55.381	40.525	2.335	27.29	18.043	7.616	1.806	5.554	23.391	3.237

map_222
	XhoI	XhoI	24.036	36.938	19.058	4.897	32.535	3.642	4.556	17.626	3.007	12.754	28.213	0.73	26.3	33.522	9.614	27.279	28.887	13.417	2.786	21.812	24.018	7.009	14.835	72.12	9.739	10.36	3.466

map_223
	XhoI	XhoI	61.042	11.884	18.627	28.582	1.557	2.506	1.913	11.641	15.44	8.697	6.17	45.312	4.218	15.062	20.234	12.854	12.396	48.964	34.111	55.638	56.159	48.165	2.099	13.095	111.629	17.77

map_224
	XhoI	XhoI	8.276	84.549	3.166	25.931	24.461	68.447	70.083	30.152	24.183	11.068	3.284	6.952	28.481	19.404	44.525	38.583	23.007

map_225
	XhoI	XhoI	13.012	76.733	3.374	13.436	27.244	13.969	7.883	1.62	58.762	3.167	44.549	24.7	44.498	39.605	8.075	4.687	3.762

map_226
	XhoI	XhoI	28.557	18.488	17.26	10.482	42.73	37.485	6.481	29.06	4.547	14.475	60.323	13.128	12.437	19.199	8.085	17.715	91.796	24.82	64.611	42.963	28.217	20.233	14.977	21.401	40.922	25.728	15.415	20.81	45.383	35.631	89.806	55.381	40.525	2.335	27.29	18.043	7.616	1.806	5.554	23.391	23.605	28.27	24.142	27.238	8.511	6.776	24.921	1.462	5.108	24.335	11.058	27.07

map_228
	XhoI	XhoI	64.508	11.884	18.627	28.582	1.557	2.506	1.913	11.641	15.44	8.697	6.17	45.312	4.218	15.062	20.234	12.854	12.396	48.964	34.111	55.638	56.159	48.165	2.099	13.095	111.629	65.339

map_229
	XhoI	XhoI	14.816	32.65	3.417	12.928	87.122	14.466	15.855	110.769	28.703	4.878	24.503	84.549	3.166	25.931	24.461	35.388

map_231
	XhoI	XhoI	31.014	36.019	76.733	3.374	13.436	27.244	13.969	7.883	1.62	58.762	3.167	44.549	24.7	44.498	39.605	8.075	4.687	32.319	18.488	17.26	10.482	5.976

map_232
	XhoI	XhoI	36.754	37.485	6.481	29.06	4.547	14.475	60.323	13.128	12.437	19.199	8.085	17.715	57.893

map_233
	XhoI	XhoI	8.407	40.922	25.728	15.415	20.81	45.383	35.631	89.806	55.381	40.525	2.335	27.29	18.043	7.616	1.806	5.554	23.391	23.605	28.27	24.142	27.238	8.511	6.776	24.921	1.462	5.108	24.335	11.058	27.07	43.326	49.95	51.518	16.481	15.185

map_235
	XhoI	XhoI	1.56	9.614	27.279	28.887	13.417	2.786	21.812	24.018	7.009	14.835	72.12	9.739	10.36	64.508	11.884	13.518

map_237
	XhoI	XhoI	13.972	32.342	14.882	79.243	0.504	4.995	10.312	37.236	32.65	3.417	12.928	87.122	14.466	15.855	110.769	28.703	4.878	24.503	84.549	3.166	25.931	24.461	68.447	70.083	30.152	24.183	11.068	3.284	6.952	28.481	19.404	44.525	38.583	36.019	76.733	3.374	13.436	27.244	13.969	7.883	1.62	58.762	3.167	44.549	24.7	44.498	39.605	8.075	4.687	32.319	18.488	17.26	10.482	42.73	9.864

map_238
	XhoI	XhoI	27.621	6.481	29.06	4.547	14.475	60.323	13.128	12.437	19.199	8.085	17.715	91.796	24.82	64.611	33.714

map_239
	XhoI	XhoI	9.249	28.217	20.233	14.977	21.401	40.922	25.728	15.415	20.81	45.383	35.631	89.806	55.381	40.525	2.335	27.29	18.043	7.616	1.806	5.554	23.391	23.605	28.27	24.142	27.238	8.511	6.776	24.921	1.462	5.108	24.335	11.058	27.07	43.326	49.95	23.266

map_240
	XhoI	XhoI	10.665	2.107	3.698	2.894	16.741	60.041	36.938	19.058	4.897	32.535	3.642	4.556	17.626	3.007	12.754	28.213	0.73	26.3	33.522	9.614	27.279	28.887	13.417	2.786	21.812	24.018	7.009	14.835	72.12	9.739	10.36	64.508	11.884	18.627	28.582	1.557	2.506	1.913	11.641	15.44	8.697	6.17	45.312	4.218	15.062	20.234	12.854	12.396	48.964	34.111	55.638	13.191

map_242
	XhoI	XhoI	63.697	32.342	14.882	79.243	0.504	4.995	10.312	37.236	32.65	3.417	12.928	87.122	14.466	15.855	110.769	28.703	4.878	24.503	7.922

map_243
	XhoI	XhoI	76.627	3.166	25.931	24.461	68.447	70.083	30.152	24.183	11.068	3.284	6.952	28.481	19.404	44.525	38.583	36.019	76.733	3.374	13.436	27.244	13.969	7.883	1.62	58.762	3.167	44.549	24.7	44.498	39.605	8.075	4.687	32.319	18.488	17.26	10.482	42.73	37.485	6.481	29.06	4.547

map_244
	XhoI	XhoI	14.18	60.323	13.128	12.437	19.199	8.085	17.715	91.796	24.82	64.611	42.963	28.217	20.233	14.977	21.401	18.836

map_245
	XhoI	XhoI	22.086	25.728	15.415	20.81	45.383	35.631	89.806	55.381	40.525	2.335	27.29	18.043	7.616	1.806	5.554	23.391	23.605	28.27	24.142	27.238	8.511	6.776	24.921	1.462	5.108	24.335	11.058	27.07	43.326	8.997

map_246
	XhoI	XhoI	39.2	2.763	37.516	2.107	3.698	2.894	16.741	60.041	36.938	19.058	4.897	32.535	3.642	4.556	17.626	3.007	12.754	28.213	0.73	26.3	33.522	9.614	27.279	28.887	13.417	2.786	21.812	24.018	7.009	14.835	33.071

map_247
	XhoI	XhoI	1.255	1.557	2.506	1.913	11.641	15.44	8.697	6.17	45.312	4.218	15.062	20.234	12.854	12.396	48.964	34.111	55.638	6.152

map_249
	XhoI	XhoI	99.406	32.342	14.882	79.243	0.504	4.995	10.312	37.236	32.65	3.417	12.928	87.122	14.466	15.855	110.769	28.703	4.878	24.503	84.549	3.166	25.931	9.783

map_251
	XhoI	XhoI	14.408	44.525	38.583	36.019	76.733	3.374	13.436	27.244	13.969	7.883	1.62	58.762	3.167	44.549	24.7	10.983

map_252
	XhoI	XhoI	33.515	39.605	8.075	4.687	32.319	18.488	17.26	10.482	42.73	37.485	6.481	29.06	4.547	14.475	60.323	13.128	12.437	19.199	8.085	17.715	91.796	24.82	64.611	42.963	28.217	20.233	14.977	21.401	40.922	25.728	15.415	20.81	45.383	35.631	89.806	55.381	40.525	2.335	27.29	18.043	7.616	1.806	5.554	23.391	23.605	28.27	24.142	27.238	8.511	6.776	24.921	1.462	5.108	24.335	11.058	27.07	43.326	49.95	51.518	16.481	37.904	4.946	35.071	17.61	58.586	28.871	14.231	71.874	15.945

map_253
	XhoI	XhoI	26.759	36.938	19.058	4.897	32.535	3.642	4.556	17.626	3.007	12.754	28.213	0.73	26.3	33.522	9.614	27.279	28.887	13.417	2.786	21.812	24.018	7.009	14.835	72.12	9.739	10.36	64.508	11.884	18.627	28.582	1.557	2.506	1.913	11.641	15.44	8.697	6.17	45.312	4.218	15.062	20.234	12.854	12.396	48.964	34.111	55.638	56.159	48.165	2.099	13.095	111.629	66.318	116.01	32.342	14.882	79.243	0.504	4.995	10.312	37.236	32.65	3.417	12.928	87.122	14.466	15.855	110.769	28.703	4.878	1.756

map_254
	XhoI	XhoI	2.852	11.068	3.284	6.952	28.481	19.404	44.525	38.583	36.019	76.733	3.374	13.436	27.244	13.969	7.883	1.62	58.762	3.167	44.549	24.7	44.498	39.605	8.075	4.687	32.319	15.048

map_255
	XhoI	XhoI	3.44	17.26	10.482	42.73	37.485	6.481	29.06	4.547	14.475	60.323	13.128	12.437	19.199	8.085	17.715	91.796	24.82	64.611	42.963	28.217	20.233	14.977	21.401	40.922	25.728	15.415	20.81	45.383	35.631	89.806	55.381	40.525	2.335	27.29	7.135

map_256
	XhoI	XhoI	12.439	3.642	4.556	17.626	3.007	12.754	28.213	0.73	26.3	33.522	9.614	27.279	28.887	13.417	2.786	21.812	24.018	7.009	14.835	49.86

map_257
	XhoI	XhoI	22.26	9.739	10.36	64.508	11.884	18.627	28.582	1.557	2.506	1.913	11.641	15.44	8.697	6.17	45.312	4.218	15.062	20.234	12.854	12.396	48.964	34.111	55.638	56.159	9.179

map_258
	XhoI	XhoI	38.986	2.099	13.095	111.629	66.318	116.01	32.342	14.882	79.243	0.504	4.995	10.312	37.236	32.65	3.417	12.928	87.122	14.466	15.855	110.769	21.877

map_259
	XhoI	XhoI	6.826	4.878	24.503	84.549	3.166	25.931	24.461	68.447	70.083	30.152	24.183	11.068	3.284	6.952	28.481	19.404	44.525	38.583	36.019	76.733	3.374	8.289

map_260
	XhoI	XhoI	5.147	27.244	13.969	7.883	1.62	58.762	3.167	44.549	24.7	44.498	39.605	8.075	4.687	32.319	18.488	17.26	10.482	42.73	37.485	6.481	29.06	4.547	14.475	60.323	13.128	12.437	19.199	8.085	17.715	91.796	24.82	64.611	42.963	28.217	20.233	14.977	21.401	40.922	25.728	15.415	20.81	45.383	35.631	89.806	55.381	40.525	2.335	27.29	18.043	7.616	1.806	5.554	23.391	23.605	28.27	24.142	27.238	8.511	6.776	24.921	1.462	5.108	24.335	11.058	19.537

map_262
	XhoI	XhoI	13.363	56.159	48.165	2.099	13.095	111.629	66.318	116.01	32.342	14.882	79.243	0.504	4.995	10.312	37.236	32.65	3.417	12.928	87.122	14.466	15.855	31.481

map_263
	XhoI	XhoI	62.343	3.166	25.931	24.461	68.447	70.083	30.152	24.183	11.068	3.284	6.952	28.481	19.404	44.525	38.583	36.019	76.733	3.374	13.436	27.244	13.969	7.883	1.62	58.762	3.167	44.549	24.7	44.498	39.605	8.075	4.687	32.319	18.488	17.26	10.482	42.73	37.485	6.481	29.06	4.547	14.475	49.826

map_264
	XhoI	XhoI	17.484	8.085	17.715	91.796	24.82	64.611	42.963	28.217	20.233	14.977	21.401	40.922	25.728	15.415	20.81	45.383	35.631	89.806	55.381	40.525	2.335	27.29	18.043	7.616	1.806	5.554	23.391	23.605	28.27	24.142	27.238	8.511	6.776	24.921	1.462	5.108	24.335	11.058	27.07	38.154

map_266
	XhoI	XhoI	3.129	10.36	64.508	11.884	18.627	28.582	1.557	2.506	1.913	11.641	15.44	8.697	6.17	45.312	4.218	15.062	20.234	12.854	12.396	48.964	34.111	55.638	56.159	48.165	2.099	13.095	111.629	66.318	116.01	32.342	14.882	43.702

map_267
	XhoI	XhoI	27.775	0.504	4.995	10.312	37.236	32.65	3.417	12.928	87.122	14.466	15.855	110.769	28.703	4.878	24.503	84.549	3.166	25.931	24.461	54.211

map_268
	XhoI	XhoI	14.236	70.083	30.152	24.183	11.068	3.284	6.952	28.481	19.404	44.525	38.583	36.019	76.733	3.374	13.436	14.284

map_269
	XhoI	XhoI	12.96	13.969	7.883	1.62	58.762	3.167	44.549	24.7	44.498	39.605	8.075	4.687	32.319	18.488	17.26	10.482	42.73	37.485	6.481	29.06	4.547	14.475	60.323	13.128	12.437	19.199	8.085	17.715	39.159

map_271
	XhoI	XhoI	6.679	20.81	45.383	35.631	89.806	55.381	40.525	2.335	27.29	18.043	7.616	1.806	5.554	23.391	23.605	28.27	15.058

map_274
	XhoI	XhoI	44.164	32.342	14.882	79.243	0.504	4.995	10.312	37.236	32.65	3.417	12.928	87.122	14.466	15.855	56.846

map_275
	XhoI	XhoI	53.923	28.703	4.878	24.503	84.549	3.166	25.931	24.461	68.447	70.083	30.152	24.183	11.068	3.284	6.952	28.481	19.404	44.525	38.583	34.199

map_276
	XhoI	XhoI	2.331	7.883	1.62	58.762	3.167	44.549	24.7	44.498	39.605	8.075	4.687	32.319	18.488	17.26	10.482	42.73	37.485	6.481	18.531

map_277
	XhoI	XhoI	16.181	91.796	24.82	64.611	42.963	28.217	20.233	14.977	21.401	40.922	25.728	15.415	20.81	45.383	35.631	89.806	36.644

map_280
	XhoI	XhoI	9.352	4.897	32.535	3.642	4.556	17.626	3.007	12.754	28.213	0.73	26.3	33.522	9.614	27.279	28.887	13.417	2.786	21.812	24.018	7.009	14.835	72.12	9.739	10.36	64.508	11.884	18.627	28.582

map_281
	XhoI	XhoI	5.053	6.17	45.312	4.218	15.062	20.234	12.854	12.396	48.964	34.111	55.638	56.159	48.165	2.099	13.095	111.629	66.318	80.949

map_282
	XhoI	XhoI	3.842	3.417	12.928	87.122	14.466	15.855	110.769	28.703	4.878	24.503	84.549	3.166	25.931	24.461	68.447	70.083	7.037

map_283
	XhoI	XhoI	23.115	24.183	11.068	3.284	6.952	28.481	19.404	44.525	38.583	36.019	76.733	3.374	13.436	27.244	13.969	7.883	1.62	58.762	3.167	44.549	24.7	44.498	39.605	8.075	4.687	32.319	18.488	17.26	10.482	42.73	37.485	6.481	29.06	4.547	14.475	60.323	13.128	12.437	19.199	8.085	17.715	91.796	24.82	47.734

map_284
	XhoI	XhoI	16.877	42.963	28.217	20.233	14.977	21.401	40.922	25.728	15.415	20.81	45.383	35.631	80.653

map_286
	XhoI	XhoI	15.527	24.018	7.009	14.835	72.12	9.739	10.36	64.508	11.884	18.627	28.582	1.557	2.506	1.913	11.641	15.44	8.697	6.17	45.312	4.218	15.062	20.234	12.854	12.396	48.964	34.111	55.638	56.159	6.015

map_288
	XhoI	XhoI	29.712	32.65	3.417	12.928	87.122	14.466	15.855	110.769	28.703	4.878	24.503	84.549	3.166	25.931	24.461	2.318

map_289
	XhoI	XhoI	66.129	70.083	30.152	24.183	11.068	3.284	6.952	28.481	19.404	44.525	38.583	32.222

map_290
	XhoI	XhoI	14.051	3.374	13.436	27.244	13.969	7.883	1.62	58.762	3.167	44.549	24.7	44.498	39.605	8.075	4.687	32.319	18.488	17.26	10.482	42.73	37.485	6.481	29.06	4.547	14.475	60.323	13.128	12.437	19.199	8.085	17.715	91.796	24.82	64.611	42.963	28.217	20.233	14.977	21.401	40.922	25.728	15.415	20.81	45.383	35.631	39.834

map_291
	XhoI	XhoI	49.972	55.381	40.525	2.335	27.29	18.043	7.616	1.806	5.554	23.391	23.605	28.27	24.142	27.238	8.511	6.776	24.921	1.462	5.108	24.335	11.058	27.07	43.326	49.95	51.518	16.481	37.904	4.946	35.071	8.92

map_293
	XhoI	XhoI	64.384	0.504	4.995	10.312	37.236	32.65	3.417	12.928	87.122	14.466	15.855	110.769	28.703	4.878	24.503	56.943

map_294
	XhoI	XhoI	27.606	3.166	25.931	24.461	68.447	70.083	30.152	24.183	11.068	3.284	6.952	28.481	19.404	44.525	38.583	36.019	72.147

map_295
	XhoI	XhoI	1.145	27.244	13.969	7.883	1.62	58.762	3.167	44.549	24.7	44.498	39.605	8.075	4.687	32.319	18.488	17.26	10.482	42.73	37.485	6.481	29.06	4.547	14.475	60.323	13.128	12.437	19.199	8.085	17.715	91.796	24.82	64.611	42.963	28.217	20.233	14.977	21.401	40.922	25.728	15.415	20.81	45.383	7.767

map_297
	XhoI	XhoI	10.1	72.12	9.739	10.36	64.508	11.884	18.627	28.582	1.557	2.506	1.913	11.641	15.44	8.697	6.17	45.312	4.218	15.062	20.234	12.854	12.396	43.702

map_298
	XhoI	XhoI	5.262	34.111	55.638	56.159	48.165	2.099	13.095	111.629	31.664

map_299
	XhoI	XhoI	30.8	14.882	79.243	0.504	4.995	10.312	37.236	32.65	3.417	12.928	60.049

map_300
	XhoI	XhoI	27.073	14.466	15.855	110.769	28.703	4.878	24.503	84.549	3.166	25.931	24.461	68.447	47.433

map_301
	XhoI	XhoI	22.65	30.152	24.183	11.068	3.284	6.952	28.481	19.404	44.525	38.583	36.019	76.733	3.374	13.436	27.244	13.969	7.883	1.62	58.762	3.167	44.549	24.7	44.498	39.605	8.075	4.687	32.319	18.488	17.26	10.482	42.73	37.485	6.481	29.06	4.547	14.475	60.323	13.128	12.437	19.199	8.085	17.715	91.796	24.82	64.611	42.963	28.217	20.233	14.977	21.401	40.922	25.728	15.415	20.81	45.383	35.631	89.806	55.381	40.525	2.335	27.29	18.043	7.616	1.806	5.554	23.391	23.605	28.27	24.142	27.238	8.511	6.776	24.921	1.462	5.108	24.335	11.058	27.07	39.202

map_304
	XhoI	XhoI	33.15	55.638	56.159	48.165	2.099	13.095	111.629	66.318	116.01	32.342	14.882	79.243	0.504	4.995	10.312	37.236	32.65	3.417	12.928	24.185

map_305
	XhoI	XhoI	62.937	14.466	15.855	110.769	28.703	4.878	24.503	84.549	3.166	25.931	24.461	68.447	70.083	30.152	24.183	11.068	3.284	6.952	28.481	19.404	44.525	38.583	36.019	76.733	3.374	13.436	27.244	13.969	7.883	1.62	58.762	3.167	44.549	24.7	44.498	39.605	8.075	4.687	32.319	18.488	17.26	10.482	42.73	37.485	6.481	29.06	4.547	14.475	60.323	13.128	12.437	19.199	8.085	17.715	91.796	24.82	64.611	42.963	28.217	20.233	2.774

map_308
	XhoI	XhoI	50.429	2.763	37.516	2.107	3.698	2.894	16.741	60.041	36.938	19.058	4.897	32.535	3.642	4.556	17.626	3.007	12.754	28.213	0.73	26.3	33.522	9.614	27.279	28.887	13.417	2.786	21.812	24.018	7.009	14.835	72.12	9.739	10.36	64.508	11.884	18.627	28.582	1.557	2.506	1.913	11.641	15.44	8.697	6.17	45.312	4.218	15.062	20.234	12.854	12.396	48.964	34.111	55.638	56.159	48.165	2.099	13.095	111.629	66.318	40.078

map_309
	XhoI	XhoI	75.932	32.342	14.882	79.243	0.504	4.995	10.312	37.236	32.65	3.417	12.928	87.122	14.466	15.855	110.769	28.703	4.878	24.503	84.549	3.166	25.931	24.461	68.447	70.083	30.152	24.183	11.068	3.284	6.952	28.481	19.404	44.525	38.583	36.019	58.672

map_310
	XhoI	XhoI	25.423	39.605	8.075	4.687	32.319	18.488	17.26	10.482	42.73	37.485	6.481	29.06	4.547	14.475	60.323	13.128	12.437	19.199	8.085	17.715	91.796	24.82	61.573

map_311
	XhoI	XhoI	3.038	42.963	28.217	20.233	14.977	21.401	40.922	25.728	15.415	20.81	45.383	35.631	89.806	35.404

map_313
	XhoI	XhoI	52.051	55.145	2.763	37.516	2.107	3.698	2.894	16.741	60.041	36.938	19.058	4.897	32.535	3.642	4.556	17.626	3.007	12.754	28.213	0.73	26.3	33.522	9.614	27.279	28.887	13.417	2.786	21.812	24.018	7.009	14.835	72.12	9.739	10.36	64.508	11.884	18.627	28.582	1.557	2.506	1.913	11.641	15.44	8.697	6.17	45.312	4.218	15.062	20.234	12.854	12.396	48.964	34.111	55.638	56.159	48.165	2.099	13.095	111.629	66.318	116.01	32.342	14.882	79.243	0.504	4.995	10.312	24.27

map_315
	XhoI	XhoI	3.122	24.503	84.549	3.166	25.931	24.461	68.447	70.083	30.152	24.183	11.068	3.284	6.952	5.233

map_316
	XhoI	XhoI	6.393	76.733	3.374	13.436	27.244	13.969	7.883	1.62	58.762	3.167	44.549	24.7	44.498	39.605	8.075	4.687	32.319	18.488	17.26	10.482	42.73	37.485	6.481	29.06	4.547	14.475	60.323	13.128	12.437	19.199	8.085	17.715	70.006

map_318
	XhoI	XhoI	21.115	25.728	15.415	20.81	45.383	35.631	89.806	55.381	40.525	2.335	27.29	18.043	7.616	1.806	5.554	23.391	2.169

map_320
	XhoI	XhoI	37.417	2.763	37.516	2.107	3.698	2.894	16.741	60.041	36.938	19.058	4.897	32.535	3.642	4.556	17.626	3.007	12.754	28.213	0.73	26.3	33.522	9.614	27.279	28.887	13.417	2.786	21.812	24.018	7.009	14.835	72.12	9.739	10.36	64.508	11.884	18.627	28.582	1.557	2.506	1.913	11.641	15.44	8.697	6.17	45.312	4.218	15.062	20.234	12.854	12.396	48.964	34.111	55.638	34.229

map_321
	XhoI	XhoI	21.93	48.165	2.099	13.095	111.629	66.318	116.01	32.342	14.882	79.243	0.504	4.995	10.312	37.236	32.65	3.417	12.928	16.118

map_322
	XhoI	XhoI	101.782	28.703	4.878	24.503	84.549	3.166	25.931	24.461	68.447	70.083	30.152	24.183	11.068	3.284	6.952	28.481	19.404	44.525	38.583	36.019	76.733	3.374	13.436	27.244	13.969	7.883	1.62	58.762	3.167	44.549	24.7	44.498	39.605	8.075	4.687	32.319	18.488	17.26	10.482	42.73	37.485	6.481	29.06	4.547	14.475	18.338

map_324
	XhoI	XhoI	2.682	45.383	35.631	89.806	55.381	40.525	2.335	27.29	18.043	7.616	1.806	5.554	23.391	23.605	28.27	24.142	27.238	8.511	6.776	24.921	1.462	5.108	24.335	11.058	27.07	43.326	49.95	36.905

map_326
	XhoI	XhoI	15.779	3.007	12.754	28.213	0.73	26.3	33.522	9.614	27.279	28.887	13.417	2.786	21.812	24.018	7.009	14.835	72.12	9.739	10.36	64.508	11.884	18.627	28.582	1.557	2.506	1.913	11.641	15.44	8.697	6.17	45.312	4.218	15.062	20.234	12.854	12.396	48.964	34.111	55.638	56.159	48.165	2.099	13.095	111.629	66.318	116.01	32.342	14.882	79.243	0.504	4.995	10.312	37.236	32.65	3.417	12.928	39.345

map_327
	XhoI	XhoI	61.652	28.703	4.878	24.503	84.549	3.166	25.931	24.461	68.447	70.083	30.152	24.183	11.068	3.284	6.952	28.481	19.404	44.525	38.583	36.019	76.733	3.374	13.436	27.244	13.969	7.883	1.62	58.762	3.167	44.549	24.7	44.498	39.605	8.075	4.687	32.319	18.488	17.26	10.482	42.73	37.485	6.481	29.06	4.547	14.475	60.323	13.128	12.437	19.199	8.085	17.715	65.512

map_332
	XhoI	XhoI	2.712	18.627	28.582	1.557	2.506	1.913	11.641	15.44	8.697	6.17	45.312	4.218	15.062	20.234	12.854	12.396	48.964	34.111	55.638	56.159	48.165	2.099	13.095	111.629	16.3

map_333
	XhoI	XhoI	50.018	116.01	32.342	14.882	79.243	0.504	4.995	10.312	37.236	32.65	3.417	12.928	87.122	14.466	15.855	110.769	28.703	4.878	24.503	73.312

map_334
	XhoI	XhoI	11.237	3.166	25.931	24.461	68.447	70.083	30.152	24.183	11.068	3.284	6.952	28.481	19.404	44.525	38.583	36.019	76.733	3.374	13.436	27.244	13.969	7.883	1.62	58.762	3.167	44.549	23.802

map_335
	XhoI	XhoI	13.115	37.485	6.481	29.06	4.547	14.475	60.323	13.128	12.437	19.199	8.085	17.715	56.127

map_336
	XhoI	XhoI	35.669	24.82	64.611	42.963	28.217	20.233	14.977	21.401	40.922	25.728	15.415	20.81	45.383	35.631	8.607

map_337
	XhoI	XhoI	81.199	55.381	40.525	2.335	27.29	18.043	7.616	1.806	5.554	23.391	8.822

map_340
	XhoI	XhoI	6.788	8.697	6.17	45.312	4.218	15.062	20.234	12.854	12.396	48.964	34.111	55.638	56.159	48.165	2.099	13.095	111.629	66.318	116.01	32.342	14.882	79.243	0.504	4.995	10.312	37.236	32.65	3.417	12.928	87.122	14.466	15.855	69.415

map_341
	XhoI	XhoI	41.354	28.703	4.878	24.503	84.549	3.166	25.931	24.461	68.447	70.083	30.152	24.183	11.068	3.284	6.952	28.481	19.404	44.525	30.964

map_342
	XhoI	XhoI	32.767	6.481	29.06	4.547	14.475	60.323	13.128	12.437	19.199	8.085	17.715	91.796	24.82	64.611	42.963	28.217	20.233	14.977	21.401	29.272

map_346
	XhoI	XhoI	34.907	56.159	48.165	2.099	13.095	111.629	66.318	116.01	32.342	14.882	79.243	0.504	4.995	10.312	37.236	32.65	3.417	12.928	87.122	14.466	15.855	33.252

map_347
	XhoI	XhoI	14.172	4.878	24.503	84.549	3.166	25.931	24.461	68.447	70.083	30.152	24.183	11.068	3.284	6.952	22.22

map_348
	XhoI	XhoI	4.513	76.733	3.374	13.436	27.244	13.969	7.883	1.62	58.762	3.167	44.549	24.7	44.498	39.605	8.075	4.687	32.319	18.488	17.26	10.482	42.73	37.485	6.481	29.06	4.547	14.475	60.323	13.128	12.437	19.199	8.085	17.715	91.796	24.82	64.611	42.963	28.217	20.233	14.977	21.401	40.922	25.728	15.415	20.81	45.383	35.631	89.806	55.381	7.048

map_351
	XhoI	XhoI	26.628	19.058	4.897	32.535	3.642	4.556	17.626	3.007	12.754	28.213	0.73	26.3	33.522	9.614	27.279	28.887	13.417	2.786	21.812	24.018	7.009	14.835	72.12	9.739	10.36	64.508	11.884	18.627	28.582	1.557	2.506	1.913	11.641	15.44	8.697	6.17	45.312	4.218	15.062	20.234	12.854	12.396	48.964	34.111	55.638	56.159	48.165	2.099	13.095	111.629	22.532

map_352
	XhoI	XhoI	43.786	116.01	32.342	14.882	79.243	0.504	4.995	10.312	37.236	32.65	3.417	12.928	87.122	14.466	15.855	110.769	28.703	4.878	24.503	84.549	3.166	25.931	24.461	68.447	70.083	30.152	24.183	11.068	3.284	6.952	4.698

map_353
	XhoI	XhoI	63.171	3.374	13.436	27.244	13.969	7.883	1.62	58.762	3.167	44.549	24.7	44.498	39.605	8.075	4.687	32.319	18.488	17.26	10.482	42.73	37.485	6.481	29.06	4.547	14.475	60.323	13.128	12.437	19.199	8.085	17.715	20.96

map_354
	XhoI	XhoI	70.836	24.82	64.611	42.963	28.217	20.233	14.977	21.401	40.922	25.728	15.415	20.81	45.383	35.631	55.206

map_357
	XhoI	XhoI	12.058	13.417	2.786	21.812	24.018	7.009	14.835	72.12	9.739	10.36	64.508	11.884	18.627	20.05

map_358
	XhoI	XhoI	7.288	15.44	8.697	6.17	45.312	4.218	15.062	20.234	12.854	12.396	48.964	34.111	55.638	56.159	48.165	2.099	13.095	111.629	13.356

map_359
	XhoI	XhoI	52.962	116.01	32.342	14.882	79.243	0.504	4.995	10.312	37.236	32.65	3.417	12.928	87.122	14.466	15.855	53.098

map_360
	XhoI	XhoI	57.671	28.703	4.878	24.503	84.549	3.166	25.931	24.461	68.447	70.083	30.152	24.183	11.068	3.284	6.952	28.481	19.404	44.525	38.583	36.019	76.733	3.374	13.436	27.244	13.969	7.883	1.62	58.762	3.167	40.404

map_361
	XhoI	XhoI	4.145	24.7	44.498	39.605	8.075	4.687	32.319	18.488	17.26	10.482	42.73	37.485	6.481	29.06	4.547	14.475	60.323	13.128	12.437	19.199	8.085	17.715	91.796	24.82	64.611	42.963	28.217	17.874

map_362
	XhoI	XhoI	2.359	14.977	21.401	40.922	25.728	15.415	20.81	45.383	35.631	89.806	55.381	40.525	2.335	27.29	18.043	4.173

map_365
	XhoI	XhoI	14.237	19.058	4.897	32.535	3.642	4.556	17.626	3.007	12.754	28.213	0.73	26.3	33.522	9.614	27.279	28.887	13.417	2.786	21.812	24.018	7.009	14.835	72.12	9.739	10.36	64.508	11.884	18.627	28.582	1.557	2.506	1.913	11.641	15.44	8.697	6.17	45.312	4.218	15.062	20.234	12.854	12.396	48.964	34.111	55.638	56.159	48.165	2.099	13.095	111.629	66.318	116.01	32.342	14.882	79.243	0.504	4.995	10.312	37.236	32.65	3.417	12.928	52.072

map_366
	XhoI	XhoI	35.05	14.466	15.855	110.769	28.703	4.878	24.503	84.549	3.166	25.931	24.461	68.447	65.834

map_367
	XhoI	XhoI	11.782	36.019	76.733	3.374	13.436	27.244	13.969	7.883	1.62	58.762	3.167	44.549	24.7	44.498	39.605	8.075	4.687	32.319	18.488	17.26	10.482	42.73	37.485	6.481	29.06	4.547	14.475	42.46

map_368
	XhoI	XhoI	17.604	28.217	20.233	14.977	21.401	40.922	25.728	15.415	20.81	45.383	35.631	89.806	55.381	40.525	2.335	27.29	18.043	7.616	1.806	5.554	23.391	23.341

map_371
	XhoI	XhoI	42.787	11.884	18.627	28.582	1.557	2.506	1.913	11.641	15.44	8.697	6.17	45.312	4.218	15.062	20.234	12.854	12.396	48.964	34.111	55.638	56.159	48.165	2.099	13.095	111.629	66.318	116.01	32.342	14.882	79.243	0.504	4.995	10.312	30.881

map_372
	XhoI	XhoI	14.137	28.703	4.878	24.503	84.549	3.166	25.931	24.461	68.447	70.083	30.152	24.183	11.068	3.284	6.952	28.481	19.404	44.525	38.583	36.019	76.733	3.374	13.436	27.244	13.969	7.883	1.62	1.402

map_373
	XhoI	XhoI	57.36	3.167	44.549	24.7	44.498	39.605	8.075	4.687	32.319	18.488	17.26	10.482	42.73	37.485	6.481	29.06	4.547	14.475	60.323	13.128	12.437	19.199	8.085	17.715	32.963

map_374
	XhoI	XhoI	58.833	24.82	64.611	42.963	28.217	20.233	14.977	21.401	40.922	25.728	15.415	20.81	45.383	35.631	46.294

map_375
	XhoI	XhoI	28.953	19.058	4.897	32.535	3.642	4.556	17.626	3.007	12.754	28.213	0.73	26.3	33.522	9.614	27.279	28.887	13.417	2.786	21.812	24.018	2.6

map_376
	XhoI	XhoI	8.489	15.44	8.697	6.17	45.312	4.218	15.062	20.234	12.854	12.396	48.964	34.111	55.638	56.159	48.165	2.099	13.095	111.629	66.318	42.101

map_377
	XhoI	XhoI	24.67	14.466	15.855	110.769	28.703	4.878	24.503	84.549	3.166	25.931	24.461	68.447	70.083	30.152	24.183	11.068	3.284	6.952	28.481	19.404	44.525	38.583	36.019	76.733	3.374	13.436	27.244	13.969	7.883	1.62	58.762	3.167	44.549	24.7	44.498	39.605	8.075	4.687	32.319	18.488	17.26	10.482	42.73	37.485	6.481	29.06	4.547	14.475	60.323	13.128	12.437	19.199	8.085	17.715	91.796	24.82	64.611	42.963	28.217	20.233	14.977	21.401	40.922	25.728	15.415	20.81	45.383	4.257

map_378
	XhoI	XhoI	31.374	89.806	55.381	40.525	2.335	27.29	18.043	7.616	1.806	5.554	23.391	23.605	28.27	24.142	27.238	8.511	6.776	24.921	1.462	5.108	24.335	11.058	27.07	43.326	49.95	51.518	16.481	37.904	4.946	35.071	17.61	58.586	28.871	14.231	6.213

map_380
	XhoI	XhoI	7.75	3.642	4.556	17.626	3.007	12.754	28.213	0.73	26.3	33.522	9.614	27.279	28.887	13.417	2.786	21.812	24.018	7.009	14.835	72.12	9.739	10.36	64.508	11.884	18.627	28.582	1.557	2.506	1.913	11.641	15.44	8.697	6.17	45.312	4.218	15.062	20.234	12.854	12.396	48.964	34.111	55.638	56.159	48.165	2.099	13.095	44.168

map_382
	XhoI	XhoI	29.257	3.417	12.928	87.122	14.466	15.855	110.769	28.703	4.878	24.503	38.238

map_383
	XhoI	XhoI	46.311	3.166	25.931	24.461	68.447	70.083	30.152	24.183	11.068	3.284	6.952	28.481	19.404	44.525	38.583	36.019	76.733	3.374	13.436	27.244	13.969	7.883	1.62	58.762	3.167	44.549	24.7	44.297

map_384
	XhoI	XhoI	39.605	8.075	4.687	32.319	18.488	17.26	10.482	42.73	37.485	6.481	29.06	4.547	14.475	59.505

map_385
	XhoI	XhoI	0.818	13.128	12.437	19.199	8.085	17.715	91.796	24.82	64.611	42.963	28.217	20.233	14.977	21.401	40.922	25.728	15.415	20.81	45.383	35.631	89.806	55.381	40.525	2.335	27.29	18.043	7.616	1.806	5.554	23.391	23.605	28.27	24.142	27.238	8.511	6.776	24.921	1.462	5.108	24.335	11.058	27.07	43.326	49.95	41.262

map_387
	XhoI	XhoI	30.112	2.107	3.698	2.894	16.741	60.041	36.938	19.058	4.897	32.535	3.642	4.556	17.626	3.007	12.754	28.213	0.73	26.3	28.181

map_388
	XhoI	XhoI	2.095	72.12	9.739	10.36	64.508	11.884	18.627	28.582	1.557	2.506	1.913	11.641	15.44	8.697	6.17	45.312	4.218	15.062	20.234	12.854	12.396	48.964	34.111	55.638	56.159	48.165	2.099	13.095	111.629	66.318	116.01	32.342	14.882	79.243	0.504	4.995	10.312	37.236	32.65	3.417	0.519

map_389
	XhoI	XhoI	12.409	87.122	14.466	15.855	110.769	28.703	4.878	24.503	84.549	3.166	25.931	24.461	68.447	70.083	30.152	24.183	11.068	3.284	6.952	28.481	19.404	44.525	38.583	36.019	76.733	3.374	13.436	27.244	13.969	6.788

map_390
	XhoI	XhoI	1.095	1.62	58.762	3.167	44.549	24.7	44.498	39.605	8.075	4.687	32.319	18.488	17.26	10.482	42.73	37.485	6.481	29.06	4.547	14.475	60.323	13.128	12.437	19.199	8.085	17.715	27.465

map_392
	XhoI	XhoI	61.964	55.381	40.525	2.335	27.29	18.043	7.616	1.806	5.554	23.391	23.605	13.761

map_394
	XhoI	XhoI	45.475	9.739	10.36	64.508	11.884	18.627	28.582	1.557	2.506	1.913	11.641	15.44	8.697	6.17	45.312	4.218	15.062	20.234	12.854	12.396	48.964	34.111	55.638	56.159	48.165	2.099	13.095	111.629	66.318	109.998

map_395
	XhoI	XhoI	6.012	32.342	14.882	79.243	0.504	4.995	10.312	37.236	32.65	3.417	12.928	87.122	14.466	15.855	110.769	28.703	4.878	24.503	84.549	3.166	25.931	24.461	68.447	70.083	30.152	24.183	11.068	3.284	6.952	28.481	19.404	44.525	38.583	36.019	14.529

map_396
	XhoI	XhoI	9.354	13.969	7.883	1.62	58.762	3.167	44.549	24.7	44.498	39.605	8.075	4.687	32.319	18.488	17.26	10.482	42.73	37.485	6.481	29.06	4.547	14.475	60.323	13.128	12.437	19.199	8.085	17.715	91.796	24.82	64.611	42.963	28.217	20.233	14.977	21.401	40.922	25.728	15.415	20.81	45.383	35.631	89.806	55.381	40.525	2.335	27.29	18.043	7.616	1.806	5.554	4.291

map_397
	XhoI	XhoI	39.625	2.763	37.516	2.107	3.698	2.894	16.741	60.041	36.938	19.058	4.897	32.535	3.642	4.556	17.626	3.007	12.754	28.213	0.73	26.3	33.522	9.614	27.279	21.443

map_398
	XhoI	XhoI	7.444	13.417	2.786	21.812	24.018	7.009	14.835	72.12	9.739	10.36	64.508	11.884

map_399
	XhoI	XhoI	18.266	28.582	1.557	2.506	1.913	11.641	15.44	8.697	6.17	45.312	4.218	15.062	20.234	12.854	12.396	48.964	34.111	55.638	14.4

map_400
	XhoI	XhoI	41.759	48.165	2.099	13.095	111.629	66.318	116.01	32.342	14.882	79.243	0.504	4.995	10.312	37.236	32.65	3.417	12.928	87.122	14.466	15.855	110.769	28.703	4.878	24.503	84.549	3.166	25.931	24.461	68.447	70.083	30.152	24.183	11.068	3.284	6.952	28.481	19.404	44.525	38.583	36.019	76.733	3.374	13.436	27.244	13.969	7.883	1.62	58.762	3.167	10.883

map_401
	XhoI	XhoI	0.645	32.319	18.488	17.26	10.482	42.73	37.485	6.481	29.06	4.547	14.475	60.323	13.128	12.437	19.199	8.085	17.715	91.796	24.82	64.611	42.963	28.217	20.233	14.977	21.401	40.922	25.728	15.415	20.81	35.003

map_402
	XhoI	XhoI	5.001	35.631	89.806	55.381	40.525	2.335	27.29	18.043	7.616	1.806	5.554	23.391	23.605	28.27	24.142	27.238	8.511	6.776	24.921	1.462	5.108	24.335	11.058	27.07	43.326	49.95	41.246

map_405
	XhoI	XhoI	9.474	3.642	4.556	17.626	3.007	12.754	28.213	0.73	26.3	33.522	9.614	27.279	28.887	13.417	2.786	21.812	24.018	7.009	14.835	72.12	9.739	10.36	64.508	11.884	18.627	28.582	1.557	2.506	1.913	11.641	15.44	8.697	6.17	45.312	4.218	15.062	20.234	12.854	12.396	48.964	6.268

map_406
	XhoI	XhoI	27.843	55.638	56.159	48.165	2.099	13.095	111.629	66.318	116.01	32.342	14.882	79.243	0.504	4.995	10.312	37.236	32.65	3.417	12.928	81.071

map_408
	XhoI	XhoI	2.862	6.952	28.481	19.404	44.525	38.583	36.019	76.733	3.374	13.436	27.244	13.969	7.883	1.62	58.762	3.167	44.549	24.7	44.498	39.605	8.075	4.687	32.319	18.488	17.26	10.482	42.73	37.485	6.481	29.06	4.547	14.475	14.66

map_409
	XhoI	XhoI	45.663	13.128	12.437	19.199	8.085	17.715	91.796	24.82	64.611	42.963	28.217	20.233	14.977	21.401	40.922	25.728	15.415	20.81	45.383	35.631	38.441

map_410
	XhoI	XhoI	47.177	36.938	19.058	4.897	32.535	3.642	4.556	17.626	3.007	12.754	28.213	0.73	26.3	33.522	9.614	8.572

map_411
	XhoI	XhoI	18.707	28.887	13.417	2.786	21.812	24.018	7.009	14.835	72.12	9.739	10.36	64.508	11.884	18.627	28.582	1.557	2.506	1.913	11.641	15.44	8.697	6.17	45.312	4.218	15.062	20.234	12.854	12.396	48.964	34.111	27.67

map_412
	XhoI	XhoI	27.968	56.159	48.165	2.099	13.095	111.629	66.318	116.01	32.342	14.882	79.243	0.504	2.891

map_414
	XhoI	XhoI	27.714	28.703	4.878	24.503	84.549	3.166	25.931	24.461	68.447	70.083	30.152	24.183	11.068	3.284	6.952	28.481	19.404	44.525	38.583	12.195

map_415
	XhoI	XhoI	23.824	76.733	3.374	13.436	27.244	13.969	7.883	1.62	58.762	3.167	44.549	24.7	44.498	39.605	8.075	4.687	32.319	18.488	17.26	10.482	42.73	37.485	6.481	12.55

map_417
	XhoI	XhoI	40.548	25.728	15.415	20.81	45.383	35.631	89.806	55.381	40.525	2.335	27.29	18.043	7.616	1.806	5.554	23.391	23.605	28.27	24.142	27.238	8.511	6.776	24.921	1.462	5.108	24.335	11.058	27.07	43.326	49.95	51.518	16.481	37.904	4.946	35.071	17.61	58.586	28.871	14.231	14.596

map_419
	XhoI	XhoI	39.69	36.938	19.058	4.897	32.535	3.642	4.556	17.626	3.007	12.754	28.213	0.73	26.3	33.522	9.614	27.279	28.887	13.417	2.786	21.812	24.018	7.009	14.835	39.179

map_420
	XhoI	XhoI	32.941	9.739	10.36	64.508	11.884	18.627	28.582	1.557	2.506	1.913	11.641	15.44	8.697	6.17	45.312	4.218	5.942

map_422
	XhoI	XhoI	3.0	0.504	4.995	10.312	37.236	32.65	3.417	12.928	87.122	14.466	15.855	110.769	28.703	4.878

map_423
	XhoI	XhoI	24.21	84.549	3.166	25.931	24.461	68.447	70.083	30.152	24.183	11.068	3.284	6.952	28.481	19.404	44.525	38.583	36.019	76.733	3.374	13.436	27.244	13.969	7.883	1.62	58.762	3.167	44.549	24.7	44.498	39.605	8.075	4.687	32.319	18.488	17.26	10.482	42.73	37.485	6.481	11.38

map_424
	XhoI	XhoI	17.68	4.547	14.475	60.323	13.128	12.437	19.199	8.085	17.715	91.796	24.82	64.611	42.963	28.217	20.233	14.977	21.401	40.922	25.728	15.415	20.81	45.383	35.631	89.806	55.381	40.525	2.335	27.29	18.043	7.616	1.806	5.554	23.391	23.605	28.27	24.142	27.238	8.511	6.776	24.921	1.462	5.108	24.335	11.058	27.07	13.419

map_426
	XhoI	XhoI	9.926	28.887	13.417	2.786	21.812	24.018	7.009	14.835	72.12	9.739	10.36	64.508	11.884	18.627	28.582	1.557	2.506	1.913	11.641	9.584

map_427
	XhoI	XhoI	13.875	34.111	55.638	56.159	48.165	2.099	13.095	111.629	66.318	116.01	32.342	14.882	79.243	0.504	4.995	10.312	37.236	32.65	3.417	12.928	87.122	14.466	15.855	110.769	18.021

map_429
	XhoI	XhoI	49.016	30.152	24.183	11.068	3.284	6.952	28.481	19.404	44.525	38.583	36.019	76.733	3.374	13.436	27.244	13.969	7.883	1.62	58.762	3.167	44.549	24.7	18.901

map_430
	XhoI	XhoI	25.597	39.605	8.075	4.687	32.319	18.488	17.26	10.482	42.73	37.485	6.481	29.06	4.547	14.475	8.288

map_431
	XhoI	XhoI	52.035	13.128	12.437	19.199	8.085	17.715	91.796	24.82	64.611	42.963	28.217	20.233	14.977	21.401	40.922	25.728	15.415	20.81	45.383	35.631	89.806	16.102

map_433
	XhoI	XhoI	18.891	2.763	37.516	2.107	3.698	2.894	16.741	60.041	36.938	19.058	4.897	32.535	3.642	4.556	17.626	3.007	12.754	28.213	0.73	26.3	33.522	9.614	27.279	28.887	13.417	2.786	21.812	24.018	7.009	14.835	72.12	9.739	10.36	64.508	11.884	18.627	28.582	1.557	2.506	1.913	11.641	15.44	8.697	6.17	45.312	4.218	15.062	20.234	12.854	12.396	48.964	34.111	55.638	56.159	48.165	2.099	13.095	111.629	66.318	89.206

map_434
	XhoI	XhoI	52.101	0.504	4.995	10.312	37.236	32.65	3.417	12.928	87.122	14.466	15.855	110.769	28.703	4.878	24.503	84.549	3.166	25.931	24.461	68.447	70.083	30.152	24.183	11.068	3.284	6.952	28.481	19.404	20.069

map_435
	XhoI	XhoI	27.003	76.733	3.374	13.436	27.244	13.969	7.883	1.62	58.762	3.167	44.549	24.7	44.498	39.605	8.075	4.687	32.319	18.488	17.26	10.482	42.73	37.485	6.481	29.06	4.547	14.475	60.323	13.128	12.437	19.199	8.085	17.715	41.149

map_436
	XhoI	XhoI	2.49	24.82	64.611	42.963	28.217	20.233	14.977	21.401	40.922	25.728	15.415	20.81	38.487

map_437
	XhoI	XhoI	6.896	35.631	89.806	55.381	40.525	2.335	27.29	18.043	7.616	1.806	5.554	23.391	23.605	24.252

map_439
	XhoI	XhoI	4.247	0.504	4.995	10.312	37.236	32.65	3.417	12.928	87.122	14.466	15.855	110.769	24.775

map_440
	XhoI	XhoI	17.778	24.461	68.447	70.083	30.152	24.183	11.068	3.284	6.952	28.481	19.404	44.525	38.583	36.019	76.733	3.374	13.436	23.339

map_441
	XhoI	XhoI	3.905	13.969	7.883	1.62	58.762	3.167	44.549	24.7	44.498	39.605	8.075	4.687	32.319	18.488	17.26	10.482	42.73	37.485	6.481	29.06	4.547	14.475	60.323	13.128	12.437	19.199	8.085	17.715	91.796	24.82	64.611	42.963	28.217	20.233	14.977	21.401	40.922	25.728	15.415	20.81	45.383	35.631	89.806	55.381	40.525	2.335	27.29	18.043	7.616	1.806	5.554	23.391	23.605	28.27	24.142	27.238	8.511	6.776	24.921	1.462	5.108	24.335	11.058	3.496

map_443
	XhoI	XhoI	15.458	28.887	13.417	2.786	21.812	24.018	7.009	14.835	72.12	9.739	10.36	64.508	11.884	18.627	28.582	1.557	2.506	1.913	11.641	15.44	8.697	6.17	45.312	4.218	15.062	20.234	12.854	12.396	48.964	34.111	55.638	56.159	48.165	2.099	13.095	111.629	66.318	116.01	32.342	14.882	79.243	0.504	4.995	10.312	37.236	32.65	3.417	12.928	77.761

map_445
	XhoI	XhoI	43.58	38.583	36.019	76.733	3.374	13.436	27.244	13.969	7.883	1.62	58.762	3.167	44.549	24.7	44.498	39.605	8.075	4.687	14.0

map_446
	XhoI	XhoI	1.178	18.488	17.26	10.482	42.73	37.485	6.481	29.06	4.547	14.475	60.323	13.128	12.437	19.199	8.085	17.715	91.796	24.82	64.611	42.963	28.217	20.233	14.977	21.401	40.922	25.728	15.415	20.81	45.383	35.631	89.806	55.381	40.525	2.335	27.29	18.043	7.616	1.806	5.554	23.391	23.605	28.27	24.142	27.238	8.511	6.776	24.921	1.462	5.108	24.335	11.058	26.952

map_447
	XhoI	XhoI	16.366	1.557	2.506	1.913	11.641	15.44	8.697	6.17	45.312	4.218	15.062	20.234	12.854	12.396	48.964	34.111	55.638	56.159	48.165	2.099	13.095	111.629	66.318	116.01	32.342	14.882	79.243	0.504	4.995	10.312	37.236	32.65	3.417	12.928	87.122	14.466	15.855	110.769	28.703	4.878	24.503	84.549	3.166	25.931	24.461	68.447	70.083	30.152	24.183	11.068	3.284	6.952	28.481	19.404	27.636

map_448
	XhoI	XhoI	16.889	38.583	36.019	76.733	3.374	13.436	27.244	13.969	7.883	1.62	58.762	3.167	44.549	24.7	6.199

map_449
	XhoI	XhoI	3.811	17.715	91.796	24.82	64.611	42.963	28.217	20.233	14.977	21.401	40.922	25.728	15.415	20.81	31.356

map_450
	XhoI	XhoI	14.027	35.631	89.806	55.381	40.525	2.335	27.29	18.043	7.616	1.806	5.554	23.391	23.605	28.27	24.142	27.238	8.511	6.776	24.921	1.462	5.108	24.335	11.058	27.07	43.326	49.95	51.518	16.481	37.904	4.946	35.071	17.61	58.586	28.871	14.231	71.874	55.145	2.763	37.516	2.107	3.698	2.894	16.741	60.041	36.938	19.058	4.897	32.535	3.642	4.556	17.626	3.007	12.754	0.929

map_452
	XhoI	XhoI	27.148	9.614	27.279	28.887	13.417	2.786	21.812	24.018	7.009	14.835	72.12	9.739	10.36	64.508	11.884	18.627	28.582	1.557	2.506	1.913	11.641	15.44	1.736

map_453
	XhoI	XhoI	6.961	6.17	45.312	4.218	15.062	20.234	12.854	12.396	48.964	34.111	55.638	56.159	48.165	2.099	13.095	91.496

map_454
	XhoI	XhoI	20.133	66.318	116.01	32.342	14.882	79.243	0.504	4.995	10.312	37.236	32.65	3.417	12.928	87.122	14.466	15.855	19.188

map_455
	XhoI	XhoI	91.581	28.703	4.878	24.503	84.549	3.166	25.931	24.461	68.447	70.083	30.152	24.183	11.068	3.284	6.952	28.481	19.404	44.525	38.583	36.019	76.733	3.374	13.436	27.244	13.969	7.883	1.62	58.762	3.167	44.549	24.7	44.498	39.605	8.075	4.687	32.319	18.488	17.26	10.482	42.73	37.485	6.481	29.06	4.547	14.475	28.741

map_457
	XhoI	XhoI	45.368	35.631	89.806	55.381	40.525	2.335	27.29	18.043	7.616	1.806	5.554	23.391	23.605	28.27	24.142	27.238	8.511	6.776	24.921	1.462	5.108	24.335	4.037

map_459
	XhoI	XhoI	13.777	2.099	13.095	111.629	66.318	116.01	32.342	14.882	79.243	0.504	4.995	10.312	1.034

map_461
	XhoI	XhoI	14.62	3.166	25.931	24.461	68.447	70.083	30.152	24.183	11.068	3.284	6.952	28.481	19.404	9.353

map_462
	XhoI	XhoI	35.172	38.583	36.019	76.733	3.374	13.436	27.244	13.969	7.883	1.62	58.762	3.167	44.549	24.7	44.498	39.605	8.075	4.687	32.319	18.488	17.26	10.482	42.73	37.485	6.481	29.06	4.547	14.475	26.023

map_463
	XhoI	XhoI	9.206	64.611	42.963	28.217	20.233	14.977	21.401	40.922	25.728	15.415	20.81	45.383	35.631	37.58

map_464
	XhoI	XhoI	52.226	55.381	40.525	2.335	27.29	18.043	7.616	1.806	5.554	23.391	23.605	28.27	18.257

map_468
	XhoI	XhoI	8.796	36.019	76.733	3.374	13.436	27.244	13.969	7.883	1.62	58.762	3.167	16.059

map_469
	XhoI	XhoI	15.378	8.075	4.687	32.319	18.488	17.26	10.482	42.73	37.485	6.481	29.06	4.547	14.475	60.323	13.128	12.437	19.199	8.085	17.715	91.796	24.82	64.611	42.963	28.217	20.233	14.977	21.401	40.922	25.728	15.415	20.81	45.383	35.631	89.806	55.381	36.206

map_470
	XhoI	XhoI	1.289	3.698	2.894	16.741	60.041	36.938	19.058	4.897	32.535	3.642	4.556	17.626	3.007	12.754	28.213	0.73	26.3	33.522	9.614	27.279	28.887	13.417	2.786	21.812	24.018	7.009	14.835	72.12	9.739	10.36	64.508	11.884	18.627	28.582	1.557	2.506	1.913	11.641	15.44	8.697	6.17	45.312	4.218	15.062	20.234	12.854	12.396	48.964	34.111	40.619

map_471
	XhoI	XhoI	15.019	56.159	48.165	2.099	13.095	111.629	66.318	116.01	32.342	14.882	79.243	0.504	4.995	10.312	37.236	32.65	3.417	12.928	87.122	14.466	15.855	110.769	28.703	4.878	24.503	84.549	3.166	25.931	24.461	51.585

map_472
	XhoI	XhoI	16.862	70.083	30.152	24.183	11.068	3.284	6.952	28.481	19.404	44.525	38.583	36.019	26.417

map_474
	XhoI	XhoI	13.715	6.481	29.06	4.547	14.475	60.323	13.128	12.437	19.199	8.085	17.715	91.796	24.82	2.396

map_476
	XhoI	XhoI	35.631	89.806	55.381	40.525	2.335	27.29	18.043	7.616	1.806	5.554	23.391	23.605	28.27	24.142	27.238	8.511	6.776	24.921	1.462	5.108	24.335	11.058	27.07	43.326	34.918

map_477
	XhoI	XhoI	59.572	55.145	2.763	37.516	2.107	3.698	2.894	16.741	60.041	36.938	19.058	4.897	32.535	3.642	4.556	17.626	3.007	12.754	28.213	0.73	26.3	33.522	9.614	27.279	28.887	13.417	2.786	21.812	24.018	7.009	14.835	44.104

map_478
	XhoI	XhoI	28.016	9.739	10.36	64.508	11.884	18.627	28.582	1.557	2.506	1.913	11.641	15.44	8.697	6.17	45.312	4.218	15.062	20.234	12.854	12.396	3.757

map_481
	XhoI	XhoI	20.052	14.466	15.855	110.769	28.703	4.878	24.503	84.549	3.166	25.931	24.461	68.447	70.083	30.152	24.183	11.068	3.284	6.952	28.481	19.404	44.525	38.583	36.019	76.733	3.374	13.436	27.244	13.969	7.883	1.62	58.762	3.167	25.16

map_482
	XhoI	XhoI	7.062	18.488	17.26	10.482	42.73	37.485	6.481	29.06	4.547	14.475	60.323	13.128	12.437	19.199	8.085	17.715	91.796	24.82	64.611	42.963	28.217	20.233	14.977	21.401	8.322

map_483
	XhoI	XhoI	7.871	15.415	20.81	45.383	35.631	89.806	55.381	40.525	2.335	27.29	18.043	7.616	1.806	5.554	23.391	23.605	28.27	24.142	27.238	8.511	6.776	24.921	1.462	5.108	24.335	11.058	27.07	43.326	49.95	51.518	16.481	37.904	4.946	35.071	17.61	58.586	28.871	14.231	12.302

map_484
	XhoI	XhoI	22.825	55.145	2.763	37.516	2.107	3.698	2.894	16.741	60.041	36.938	19.058	4.897	32.535	3.642	4.556	16.872

map_485
	XhoI	XhoI	56.841	11.884	18.627	28.582	1.557	2.506	1.913	11.641	15.44	8.697	6.17	45.312	4.218	15.062	20.234	12.854	12.396	48.964	2.391

map_487
	XhoI	XhoI	40.34	32.342	14.882	79.243	0.504	4.995	10.312	37.236	32.65	3.417	12.928	87.122	14.466	15.855	110.769	28.703	4.878	24.503	84.549	3.166	25.931	24.461	68.447	70.083	30.152	24.183	11.068	3.284	6.952	28.481	19.404	44.525	38.583	36.019	76.733	3.374	13.436	27.244	13.969	7.883	1.62	58.762	3.167	44.549	24.7	44.498	39.605	8.075	4.687	32.319	8.799

map_488
	XhoI	XhoI	9.689	17.26	10.482	42.73	37.485	6.481	29.06	4.547	14.475	60.323	13.128	12.437	3.297

map_489
	XhoI	XhoI	15.902	8.085	17.715	91.796	24.82	64.611	42.963	28.217	20.233	14.977	21.401	40.922	25.728	15.415	20.81	45.383	35.631	89.806	55.381	40.525	2.335	27.29	18.043	7.616	1.806	5.554	23.391	23.605	28.27	24.142	27.238	8.511	6.776	24.921	1.462	5.108	24.335	11.058	27.07	43.326	49.95	51.518	16.481	37.904	4.946	35.071	17.61	58.586	28.871	14.231	49.049

map_491
	XhoI	XhoI	7.999	2.786	21.812	24.018	7.009	14.835	72.12	9.739	10.36	64.508	11.884	18.627	28.582	1.557	2.506	1.913	11.641	15.44	8.697	6.17	45.312	4.218	15.062	20.234	12.854	12.396	48.964	34.111	55.638	52.417

map_493
	XhoI	XhoI	2.788	14.882	79.243	0.504	4.995	10.312	37.236	32.65	3.417	12.928	87.122	14.466	15.855	110.769	28.703	4.878	24.503	84.549	3.166	25.931	24.461	68.447	33.491

map_494
	XhoI	XhoI	36.592	30.152	24.183	11.068	3.284	6.952	28.481	19.404	44.525	38.583	36.019	76.733	3.374	13.436	27.244	13.969	7.883	1.62	27.247

map_495
	XhoI	XhoI	5.331	39.605	8.075	4.687	32.319	18.488	17.26	10.482	42.73	37.485	6.481	29.06	4.547	14.475	60.323	13.128	12.437	19.199	8.085	17.715	62.157

map_498
	XhoI	XhoI	3.365	3.642	4.556	17.626	3.007	12.754	28.213	0.73	26.3	33.522	9.614	27.279	28.887	13.417	2.786	21.812	24.018	7.009	14.835	72.12	9.739	10.36	64.508	11.884	18.627	28.582	1.557	2.506	1.913	11.641	15.44	8.697	6.17	45.312	4.218	15.062	20.234	12.854	12.396	48.964	34.111	55.638	56.159	48.165	2.099	13.095	111.629	66.318	116.01	32.342	14.882	79.243	0.504	4.995	10.312	30.634

map_500
	XhoI	XhoI	28.52	4.878	24.503	84.549	3.166	25.931	24.461	68.447	70.083	30.152	24.183	11.068	3.284	6.952	28.481	19.404	44.525	38.583	36.019	76.733	3.374	13.436	27.244	13.969	7.883	1.62	39.088

map_501
	XhoI	XhoI	17.351	17.26	10.482	42.73	37.485	6.481	29.06	4.547	14.475	60.323	13.128	12.437	19.199	8.085	17.715	91.796	24.82	64.611	42.963	28.217	20.233	14.977	21.401	40.922	25.728	15.415	20.81	45.383	35.631	89.806	55.381	40.525	2.335	27.29	18.043	7.616	1.806	5.554	23.391	23.605	28.27	24.142	27.238	8.511	6.776	24.921	1.462	5.108	24.335	11.058	27.07	43.326	49.95	23.297

map_503
	XhoI	XhoI	46.526	36.938	19.058	4.897	32.535	3.642	4.556	17.626	3.007	12.754	28.213	0.73	26.3	33.522	9.614	27.279	28.887	13.417	2.786	21.812	24.018	7.009	14.835	72.12	9.739	10.36	64.508	11.884	18.627	28.582	1.557	2.506	1.913	11.641	15.44	8.697	6.17	45.312	4.218	15.062	20.234	12.854	12.396	42.077

map_505
	XhoI	XhoI	29.324	3.166	25.931	24.461	68.447	70.083	30.152	24.183	11.068	3.284	6.952	28.481	19.404	44.525	38.583	36.019	76.733	3.374	13.436	27.244	13.969	7.883	1.62	58.762	3.167	44.549	24.7	15.727

map_506
	XhoI	XhoI	28.771	39.605	8.075	4.687	32.319	18.488	17.26	10.482	42.73	37.485	6.481	29.06	4.547	14.158

map_507
	XhoI	XhoI	4.7	8.085	17.715	91.796	24.82	64.611	42.963	28.217	20.233	14.977	21.401	40.922	25.728	15.415	20.81	45.383	35.631	89.806	55.381	40.525	2.335	27.29	18.043	7.616	1.806	5.554	23.391	23.605	28.27	24.142	27.238	8.511	6.776	24.921	1.462	5.108	24.335	10.136

map_509
	XhoI	XhoI	33.689	48.165	2.099	13.095	111.629	66.318	116.01	32.342	14.882	79.243	0.504	4.995	10.312	37.236	32.65	3.417	12.928	87.122	14.466	15.855	110.769	28.703	4.878	24.503	79.016

map_510
	XhoI	XhoI	38.379	70.083	30.152	24.183	11.068	3.284	6.952	28.481	19.404	44.525	38.583	36.019	76.733	3.374	13.436	27.244	13.969	7.883	1.62	58.762	3.167	44.549	24.7	44.498	39.605	8.075	4.687	32.319	18.488	17.26	10.482	42.73	37.224

map_511
	XhoI	XhoI	9.751	20.233	14.977	21.401	40.922	25.728	15.415	20.81	45.383	35.631	89.806	23.374

map_513
	XhoI	XhoI	2.039	36.938	19.058	4.897	32.535	3.642	4.556	17.626	3.007	12.754	28.213	0.73	26.3	33.522	9.614	27.279	28.887	13.417	2.786	21.812	24.018	7.009	14.835	72.12	9.739	10.36	64.508	11.884	15.049

map_514
	XhoI	XhoI	3.578	28.582	1.557	2.506	1.913	11.641	15.44	8.697	6.17	45.312	4.218	15.062	20.234	12.854	12.396	48.964	34.111	55.638	56.159	48.165	2.099	13.095	111.629	66.318	116.01	12.054

map_515
	XhoI	XhoI	20.288	14.882	79.243	0.504	4.995	10.312	37.236	32.65	3.417	12.928	87.122	14.466	15.855	110.769	28.703	4.878	24.503	84.549	3.166	25.931	24.461	68.447	70.083	30.152	24.183	11.068	3.284	6.952	28.481	19.404	44.525	38.583	36.019	76.733	3.374	13.436	27.244	13.969	7.883	1.62	58.762	3.167	44.549	24.7	31.112

map_516
	XhoI	XhoI	16.383	8.075	4.687	32.319	18.488	17.26	10.482	42.73	37.485	6.481	29.06	4.547	14.475	60.323	13.128	12.437	19.199	8.085	17.715	18.046

map_517
	XhoI	XhoI	24.097	28.217	20.233	14.977	21.401	40.922	25.728	15.415	20.81	45.383	35.631	89.806	55.381	40.525	2.335	27.29	18.043	7.616	1.806	5.554	23.391	23.605	28.27	24.142	27.238	8.511	6.776	24.921	1.462	5.108	24.335	11.058	27.07	43.326	49.95	50.35

map_519
	XhoI	XhoI	55.018	55.145	2.763	37.516	2.107	3.698	2.894	16.741	60.041	36.938	19.058	4.897	32.535	3.642	4.556	17.626	3.007	12.754	28.213	0.73	26.3	33.522	9.614	27.279	28.887	13.417	2.786	21.812	24.018	7.009	14.835	72.12	9.739	10.36	64.508	11.884	18.627	28.582	1.557	2.506	1.913	11.641	4.688

map_520
	XhoI	XhoI	10.752	8.697	6.17	45.312	4.218	15.062	20.234	12.854	12.396	48.964	34.111	55.638	56.159	48.165	2.099	13.095	111.629	66.318	116.01	32.342	14.882	79.243	0.504	4.995	10.312	37.236	32.65	3.417	12.928	85.061

map_521
	XhoI	XhoI	2.061	14.466	15.855	110.769	28.703	4.878	24.503	84.549	3.166	25.931	24.461	68.447	70.083	30.152	24.183	6.17

map_522
	XhoI	XhoI	4.898	3.284	6.952	28.481	19.404	44.525	38.583	36.019	76.733	3.374	13.436	27.244	13.969	7.883	1.62	58.762	3.167	44.549	24.7	44.498	39.605	8.075	4.687	32.319	18.488	17.26	10.482	42.73	37.485	6.481	29.06	4.547	14.475	60.323	13.128	12.437	19.199	8.085	17.715	15.194

map_523
	XhoI	XhoI	2.658	89.806	55.381	40.525	2.335	27.29	18.043	7.616	1.806	5.554	23.391	23.605	28.27	24.142	27.238	8.511	6.776	24.921	1.462	5.108	24.335	11.058	5.975

map_526
	XhoI	XhoI	42.056	4.218	15.062	20.234	12.854	12.396	48.964	34.111	55.638	56.159	48.165	2.099	13.095	111.629	66.318	116.01	32.342	14.882	79.243	0.504	4.995	10.312	37.236	32.65	3.417	12.928	87.122	14.466	15.855	110.769	28.703	4.878	24.503	48.415

map_527
	XhoI	XhoI	36.134	3.166	25.931	24.461	68.447	70.083	30.152	24.183	11.068	3.284	4.501

map_528
	XhoI	XhoI	2.451	28.481	19.404	44.525	38.583	36.019	76.733	3.374	13.436	27.244	13.969	7.883	1.62	58.762	3.167	44.549	24.7	4.833

map_529
	XhoI	XhoI	3.911	10.482	42.73	37.485	6.481	29.06	4.547	14.475	60.323	13.128	12.437	19.199	8.085	17.715	91.796	24.82	16.55

map_530
	XhoI	XhoI	3.256	25.728	15.415	20.81	45.383	35.631	89.806	55.381	40.525	2.335	27.29	18.043	7.616	1.806	5.554	23.391	23.605	28.27	24.142	27.238	8.511	6.776	24.921	1.462	5.108	24.335	11.058	2.154

map_532
	XhoI	XhoI	6.654	19.058	4.897	32.535	3.642	4.556	17.626	3.007	12.754	28.213	0.73	26.3	33.522	9.614	27.279	28.887	13.417	2.786	21.812	24.018	7.009	14.835	52.715

map_533
	XhoI	XhoI	19.405	9.739	10.36	64.508	11.884	18.627	28.582	1.557	2.506	1.913	11.641	15.44	8.697	6.17	45.312	4.218	15.062	20.234	12.854	12.396	48.964	34.111	55.638	56.159	48.165	2.099	13.095	61.179

map_534
	XhoI	XhoI	50.45	66.318	116.01	32.342	14.882	79.243	0.504	4.995	10.312	37.236	32.65	3.417	12.928	87.122	14.466	2.68

map_535
	XhoI	XhoI	20.124	28.703	4.878	24.503	84.549	3.166	25.931	24.461	68.447	70.083	30.152	24.183	11.068	3.284	6.952	28.481	19.404	44.525	38.583	36.019	76.733	3.374	13.436	27.244	13.969	7.883	1.62	58.762	3.167	44.549	24.7	44.498	39.605	8.075	4.687	32.319	2.587

map_536
	XhoI	XhoI	15.901	17.26	10.482	42.73	37.485	6.481	29.06	4.547	14.475	60.323	13.128	12.437	19.199	8.085	17.715	91.796	16.044

map_537
	XhoI	XhoI	8.776	64.611	42.963	28.217	20.233	14.977	21.401	40.922	25.728	15.415	20.81	45.383	35.631	89.806	55.381	40.525	2.335	27.29	18.043	7.616	1.806	5.554	23.391	23.605	28.27	24.142	27.238	8.511	6.776	24.921	1.462	5.108	24.335	11.058	27.07	43.326	49.95	51.518	16.481	22.627

map_539
	XhoI	XhoI	13.447	0.73	26.3	33.522	9.614	27.279	28.887	13.417	2.786	21.812	24.018	7.009	14.835	72.12	9.739	10.36	7.43

map_540
	XhoI	XhoI	11.608	4.218	15.062	20.234	12.854	12.396	48.964	34.111	55.638	56.159	48.165	2.099	13.095	111.629	66.318	116.01	32.342	14.882	79.243	0.504	4.995	10.312	37.236	32.65	3.417	12.928	87.122	14.466	15.855	110.769	28.703	4.878	24.503	49.251

map_541
	XhoI	XhoI	35.298	3.166	25.931	24.461	68.447	70.083	30.152	24.183	11.068	3.284	6.952	28.481	19.404	44.525	38.583	36.019	76.733	3.374	13.436	27.244	13.969	7.883	1.62	48.811

map_542
	XhoI	XhoI	19.459	44.498	39.605	8.075	4.687	32.319	18.488	17.26	10.482	42.73	37.485	6.481	28.97

map_543
	XhoI	XhoI	4.547	14.475	60.323	13.128	12.437	19.199	8.085	17.715	91.796	24.82	64.611	42.963	28.217	20.233	14.977	21.401	40.922	25.728	15.415	20.81	45.383	35.631	89.806	17.611

map_544
	XhoI	XhoI	40.997	9.739	10.36	64.508	11.884	18.627	28.582	1.557	2.506	1.913	11.641	15.44	8.697	6.17	45.312	4.218	15.062	20.234	12.854	12.396	24.515

map_545
	XhoI	XhoI	24.449	34.111	55.638	56.159	48.165	2.099	13.095	111.629	66.318	116.01	32.342	14.882	79.243	0.504	4.995	10.312	37.236	32.65	3.417	12.928	87.122	14.466	15.855	110.769	28.703	4.878	24.503	16.244

map_546
	XhoI	XhoI	0.566	44.525	38.583	36.019	76.733	3.374	13.436	27.244	13.969	7.883	1.62	5.694

map_547
	XhoI	XhoI	53.068	3.167	44.549	24.7	44.498	39.605	8.075	4.687	32.319	18.488	17.26	10.482	37.859

map_548
	XhoI	XhoI	50.871	42.963	28.217	20.233	14.977	21.401	40.922	25.728	15.415	20.81	45.383	35.631	89.806	55.381	40.525	2.335	27.29	18.043	7.616	1.806	5.554	23.391	23.605	28.27	24.142	27.238	8.511	6.776	24.921	1.462	5.108	24.335	11.058	27.07	43.326	49.95	51.518	16.481	37.904	4.946	35.071	17.61	58.586	28.871	14.231	71.874	55.145	2.763	37.516	2.107	3.698	2.894	16.741	60.041	36.938	19.058	4.897	32.535	3.642	4.556	17.626	3.007	12.754	28.213	0.73	26.3	33.522	9.614	27.279	28.887	13.417	2.786	21.812	24.018	7.009	14.835	31.123

map_550
	XhoI	XhoI	2.581	28.582	1.557	2.506	1.913	11.641	15.44	8.697	6.17	45.312	4.218	15.062	20.234	12.854	12.396	48.964	34.111	55.638	36.615

map_552
	XhoI	XhoI	101.177	32.342	14.882	79.243	0.504	4.995	10.312	37.236	32.65	3.417	12.928	87.122	14.466	15.855	110.769	28.703	4.878	24.503	84.549	3.166	25.931	24.461	68.447	5.293

map_553
	XhoI	XhoI	33.684	38.583	36.019	76.733	3.374	13.436	27.244	13.969	7.883	1.62	58.762	3.167	44.549	24.7	44.498	20.728

map_554
	XhoI	XhoI	18.877	8.075	4.687	32.319	18.488	17.26	10.482	42.73	37.485	6.481	29.06	4.547	14.475	60.323	13.128	12.437	19.199	8.085	17.715	91.796	20.43

map_555
	XhoI	XhoI	4.39	64.611	42.963	28.217	20.233	14.977	21.401	40.922	25.728	15.415	20.81	45.383	35.631	89.806	55.381	40.525	2.335	27.29	18.043	7.616	1.806	5.554	23.391	23.605	28.27	24.142	27.238	8.511	6.776	24.921	1.462	5.108	24.335	11.058	27.07	43.326	49.95	51.518	16.481	37.904	4.946	2.377

map_558
	XhoI	XhoI	9.635	0.73	26.3	33.522	9.614	27.279	28.887	13.417	2.786	21.812	24.018	7.009	14.835	72.12	9.739	10.36	64.508	11.884	18.627	28.582	1.557	2.506	1.913	11.641	15.44	8.697	6.17	45.312	4.218	15.062	20.234	12.854	12.396	25.154

map_559
	XhoI	XhoI	23.81	34.111	55.638	56.159	48.165	2.099	13.095	111.629	66.318	116.01	32.342	14.882	79.243	0.504	4.995	10.312	37.236	32.65	3.417	12.928	87.122	14.466	15.855	110.769	28.703	4.878	24.503	84.549	3.166

map_560
	XhoI	XhoI	11.718	76.733	3.374	13.436	27.244	13.969	7.883	1.62	58.762	3.167	44.549	24.7	44.498	39.605	8.075	4.687	32.319	18.488	17.26	10.482	42.73	37.485	6.481	29.06	4.547	14.475	60.323	13.128	12.437	19.199	8.085	17.715	91.796	21.831

map_561
	XhoI	XhoI	2.989	64.611	42.963	28.217	20.233	14.977	21.401	40.922	25.728	15.415	20.81	45.383	35.631	89.806	55.381	20.65

map_564
	XhoI	XhoI	5.754	8.697	6.17	45.312	4.218	15.062	20.234	12.854	12.396	48.964	34.111	55.638	56.159	48.165	2.099	13.095	111.629	66.318	116.01	32.342	14.882	79.243	0.504	4.995	10.312	37.236	32.65	3.417	12.928	87.122	4.96

map_565
	XhoI	XhoI	9.506	15.855	110.769	28.703	4.878	24.503	84.549	3.166	25.931	24.461	68.447	70.083	1.096

map_566
	XhoI	XhoI	29.056	24.183	11.068	3.284	6.952	28.481	19.404	44.525	38.583	36.019	76.733	3.374	13.436	27.244	13.969	7.883	1.62	58.762	3.167	10.053

map_567
	XhoI	XhoI	34.496	24.7	44.498	39.605	8.075	4.687	32.319	18.488	17.26	10.482	42.73	37.485	6.481	29.06	4.547	14.475	60.323	13.128	12.437	19.199	8.085	17.715	91.796	24.82	64.611	42.963	28.217	20.233	14.977	21.401	40.922	25.728	15.415	20.81	45.383	35.631	51.306

map_570
	XhoI	XhoI	18.934	11.884	18.627	28.582	1.557	2.506	1.913	11.641	15.44	8.697	6.17	45.312	4.218	15.062	20.234	12.854	12.396	48.964	34.111	35.662

map_571
	XhoI	XhoI	19.976	56.159	48.165	2.099	13.095	111.629	66.318	116.01	32.342	14.882	79.243	0.504	4.995	10.312	37.236	32.65	3.417	12.928	87.122	14.466	15.855	110.769	28.703	4.878	24.503	84.549	3.166	25.931	24.461	68.447	20.055

map_572
	XhoI	XhoI	50.028	30.152	24.183	11.068	3.284	6.952	28.481	19.404	44.525	38.583	20.233

map_573
	XhoI	XhoI	15.786	76.733	3.374	13.436	27.244	13.969	7.883	1.62	58.762	3.167	44.549	24.7	44.498	39.605	8.075	4.687	32.319	18.488	17.26	10.482	42.73	37.485	6.481	29.06	4.547	14.475	57.448

map_574
	XhoI	XhoI	2.875	13.128	12.437	19.199	8.085	17.715	91.796	24.82	64.611	42.963	28.217	20.233	14.977	21.401	40.922	25.728	15.415	20.81	3.746

map_577
	XhoI	XhoI	3.072	28.582	1.557	2.506	1.913	11.641	15.44	8.697	6.17	45.312	4.218	15.062	20.234	12.854	12.396	48.964	34.111	33.012

map_578
	XhoI	XhoI	22.626	56.159	48.165	2.099	13.095	111.629	66.318	116.01	32.342	14.882	79.243	0.504	4.995	10.312	37.236	32.65	3.417	7.358

map_579
	XhoI	XhoI	5.57	87.122	14.466	15.855	110.769	28.703	4.878	24.503	84.549	3.166	25.931	24.461	68.447	70.083	30.152	24.183	11.068	3.284	6.952	28.481	19.404	44.525	38.583	36.019	76.733	3.374	13.436	27.244	13.969	7.883	1.62	58.762	3.167	25.832

map_580
	XhoI	XhoI	18.717	24.7	44.498	39.605	8.075	4.687	32.319	18.488	17.26	10.482	42.73	37.485	6.481	29.06	4.547	14.475	60.323	13.128	12.437	19.199	8.085	17.715	82.369

map_581
	XhoI	XhoI	16.039	28.217	20.233	14.977	21.401	40.922	25.728	15.415	20.81	45.383	35.631	3.605

map_582
	XhoI	XhoI	86.201	55.381	40.525	2.335	27.29	18.043	7.616	1.806	5.554	23.391	23.605	28.27	24.142	27.238	8.511	6.776	3.655

map_584
	XhoI	XhoI	10.739	28.582	1.557	2.506	1.913	11.641	15.44	8.697	6.17	45.312	4.218	15.062	20.234	12.854	12.396	48.964	34.111	55.638	56.159	48.165	2.099	13.095	111.629	66.318	63.913

map_585
	XhoI	XhoI	52.097	32.342	14.882	79.243	0.504	4.995	10.312	37.236	32.65	3.417	12.928	87.122	14.466	15.855	91.482

map_586
	XhoI	XhoI	19.287	28.703	4.878	24.503	84.549	3.166	25.931	24.461	68.447	20.627

map_587
	XhoI	XhoI	21.289	76.733	3.374	13.436	27.244	13.969	7.883	1.62	58.762	3.167	44.549	24.7	44.498	39.605	8.075	4.687	32.319	18.488	17.26	10.482	42.73	37.485	6.481	29.06	4.547	14.475	60.323	13.128	12.437	7.73

map_588
	XhoI	XhoI	11.469	8.085	17.715	91.796	24.82	64.611	42.963	28.217	20.233	14.977	21.401	40.922	11.143

map_589
	XhoI	XhoI	14.585	15.415	20.81	45.383	35.631	89.806	55.381	40.525	2.335	27.29	18.043	7.616	1.806	5.554	23.391	23.605	28.27	24.142	27.238	8.511	6.776	24.921	1.462	5.108	24.335	11.058	27.07	43.326	17.476

map_591
	XhoI	XhoI	15.44	8.697	6.17	45.312	4.218	15.062	20.234	12.854	12.396	48.964	34.111	55.638	56.159	1.358

map_593
	XhoI	XhoI	25.441	0.504	4.995	10.312	37.236	32.65	3.417	12.928	87.122	14.466	15.855	110.769	13.875

map_594
	XhoI	XhoI	26.749	3.166	25.931	24.461	68.447	70.083	30.152	24.183	11.068	3.284	6.952	28.481	19.404	44.525	38.583	36.019	76.733	3.374	13.436	27.244	13.969	7.883	1.62	58.762	3.167	44.549	24.7	44.498	39.605	8.075	4.687	32.319	18.488	17.26	10.482	42.73	37.485	6.481	29.06	4.547	14.475	60.323	7.837

map_595
	XhoI	XhoI	5.291	12.437	19.199	8.085	17.715	91.796	24.82	64.611	42.963	28.217	20.233	14.977	21.401	40.922	25.728	15.415	20.81	5.367

map_596
	XhoI	XhoI	36.316	35.631	89.806	55.381	40.525	2.335	27.29	18.043	7.616	1.806	5.554	23.391	23.605	20.412

map_598
	XhoI	XhoI	49.482	36.938	19.058	4.897	32.535	3.642	4.556	17.626	3.007	12.754	28.213	0.73	26.3	33.522	9.614	27.279	28.887	13.417	2.786	21.812	24.018	7.009	14.835	72.12	9.739	10.36	64.508	11.884	18.627	28.582	1.557	2.506	1.913	11.641	15.44	8.697	6.17	45.312	4.218	15.062	20.234	12.854	12.396	48.964	34.111	55.638	56.159	48.165	2.099	13.095	111.629	66.318	96.444

map_599
	XhoI	XhoI	19.566	32.342	14.882	79.243	0.504	4.995	10.312	37.236	32.65	3.417	12.928	87.122	14.466	15.855	110.769	28.703	4.878	24.503	84.549	3.166	25.931	24.461	62.415

map_600
	XhoI	XhoI	6.032	70.083	30.152	24.183	11.068	3.284	6.952	28.481	19.404	44.525	38.583	36.019	76.733	3.374	13.436	27.244	13.969	7.883	1.62	52.996

map_601
	XhoI	XhoI	18.083	39.605	8.075	4.687	32.319	18.488	17.26	10.482	42.73	37.485	6.481	29.06	4.547	14.475	60.323	13.128	12.437	16.895

map_602
	XhoI	XhoI	20.278	42.963	28.217	20.233	14.977	21.401	40.922	25.728	15.415	20.81	45.383	35.631	89.806	55.381	40.525	2.335	27.29	18.043	7.616	1.806	5.554	23.391	1.424

