map_1
	XhoI	XhoI	5.027	59.658	45.824	47.224	50.873	16.323	37.827	40.523	17.923	86.507	2.582

map_2
	XhoI	XhoI	11.681	68.554	59.499	2.839	39.117	2.344	3.614	2.801	16.453	57.141	36.021	17.818	4.609	39.023	4.364	17.755	2.697	13.003	25.916	67.349	26.221	42.693	2.908	45.718	7.096	81.406	9.259	2.419

map_3
	XhoI	XhoI	7.986	68.796	11.637	45.722	1.76	2.405	1.938	10.907	15.941	15.317	81.789	13.705	12.449	140.241	56.323	46.311	2.185	128.596	68.387	107.617

map_4
	XhoI	XhoI	9.097	32.173	13.938	83.612	15.573	37.804	34.214	3.396	12.744	112.514	10.842

map_6
	XhoI	XhoI	27.816	38.647	118.042	16.682	26.865	14.943	8.006	55.967	3.25	43.934	24.325	4.352

map_7
	XhoI	XhoI	86.559	37.742	17.804	16.775	9.928	42.218	43.054	29.876	4.612	14.483	64.566	12.948	11.696	19.608	26.217	93.385	24.719	65.498	44.917	28.976	21.262	16.165	59.898	26.352	35.484	205.845

map_8
	XhoI	XhoI	22.443	42.739	51.896	51.957	57.492	55.448	60.559	27.731	14.026	80.884	104.617	2.028	3.588	2.854	15.325

map_9
	XhoI	XhoI	1.956	62.241	36.311	18.408	5.017	36.204	4.287	18.055	3.013	43.463	0.654	26.827	34.253	9.506	27.479	42.02	2.754	23.096	23.651	7.25	15.739	10.904

map_10
	XhoI	XhoI	61.405	10.124	10.495	70.598	12.561	19.262	28.94	4.234	14.134	24.823	6.295	47.157	3.944	15.306	20.21	12.816	12.276	2.729

map_12
	XhoI	XhoI	20.187	151.185	15.363	79.348	5.748	10.133	67.265	3.798	13.295	6.427

map_14
	XhoI	XhoI	15.438	24.321	13.714	6.694	28.232	68.005	36.682	32.49	79.413	13.251	26.507	13.587	7.931	58.852	3.139	47.741	23.86	43.555	46.44	4.697	32.508	18.649	17.799	11.055	78.811	39.554	13.984	56.856	12.661	12.143	18.643	8.689	105.569	1.523

map_15
	XhoI	XhoI	9.77	39.059	26.643	15.146	20.015	80.031	89.841	56.402	40.907	1.946	27.03	26.061	7.355	22.428	52.3	23.916	28.312	8.447	7.062	25.217	6.602	24.37	11.391	4.307

map_17
	XhoI	XhoI	4.455	14.512	74.773	56.94	2.672	36.952	2.351	3.725	2.907	16.992	58.775	38.107	25.129	32.616	3.6	4.435	16.515	16.045	57.289	31.756	9.411	27.446	28.544	13.05	43.917

map_18
	XhoI	XhoI	11.638	14.696	71.151	9.964	10.806	66.326	11.596	18.788	27.52	5.918	11.348	15.971	8.201	6.493	45.53	38.683	13.167	55.415	35.819	57.603	98.066	1.964	127.379	219.737	15.206	77.117	5.127	15.453

map_19
	XhoI	XhoI	30.257	50.044	86.151	31.267	146.331	23.677	78.609	29.52	24.369	68.662	26.592

map_20
	XhoI	XhoI	44.732	29.289	25.479	10.845	3.456	6.742	29.916	107.025	36.281	2.042

map_21
	XhoI	XhoI	32.002	3.035	120.426	39.719	7.555	4.994	31.883	19.281	16.704	10.369	16.944

map_22
	XhoI	XhoI	26.772	37.801	6.226	31.258	4.199	14.374	61.145	13.182	12.454	28.637	107.199	24.26	61.818	41.536	26.592	20.521	35.332

map_23
	XhoI	XhoI	41.439	25.722	15.551	20.894	44.99	35.674	148.284	41.561	45.013	7.542	32.047	22.972	29.534	25.203	20.247

map_25
	XhoI	XhoI	1.959	9.048	27.393	28.891	16.708	22.579	24.126	98.504	9.419	10.52	64.466	12.447	18.578	29.06	1.533	4.063	27.062	15.457	49.253	4.316	15.307	33.762	11.998	81.82	56.781	55.901	49.492	2.325	12.791	109.847	100.479

map_26
	XhoI	XhoI	41.985	31.557	14.33	85.424	0.634	4.937	10.177	38.478	36.887	13.047	211.303	30.115	28.834	84.661	19.226

map_28
	XhoI	XhoI	26.594	37.313	109.331	3.593	13.87	42.434	7.492	1.614	59.01	46.37	72.177	41.99	7.914	35.222	13.511

map_29
	XhoI	XhoI	33.695	13.267	29.118	7.838	16.981	92.346	125.794	28.522	59.747	42.485	26.571	15.407	62.838	34.147	87.916	53.071	32.945

map_31
	XhoI	XhoI	18.993	4.817	34.186	17.956	59.831	117.058	56.279	2.581	37.927	2.266	6.634	16.512	100.909	22.151	31.772	0.734

map_32
	XhoI	XhoI	5.288	4.16	1.96	11.923	15.776	14.484	45.085	4.125	35.207	12.373	12.452	46.151	36.208	54.243	52.304

map_34
	XhoI	XhoI	60.178	31.476	14.673	77.671	0.629	4.875	10.125	37.442	31.672	3.518	12.788	89.384	13.681	156.995	4.989	108.086	26.311	92.583	70.776	53.687	13.621	7.086	27.419	19.137	125.427	73.933	3.534	13.415	41.714	7.641	1.501	57.949	3.202	45.83	75.637	53.479	32.514	44.155	8.349

map_35
	XhoI	XhoI	35.032	36.337	6.672	28.031	19.016	60.184	54.01	17.425	119.573	114.915	27.96	20.95	15.422	21.319	42.518	24.56	15.238	22.671	43.855	35.588	52.091

map_37
	XhoI	XhoI	122.967	3.167	40.172	3.701	2.769	16.358	60.615	39.795	19.412	4.751	31.228	3.588	4.37	20.438	12.5	28.691	24.265	31.187	9.461	55.41	13.596	3.041	11.529

map_38
	XhoI	XhoI	9.847	23.375	21.85	71.812	9.835	10.619	64.132	11.626	18.302	28.175	1.393	2.525	1.771	12.07	22.696	6.125	49.491	14.638	34.448	13.29	49.172	89.585	100.428	2.016	296.659	32.119	15.435	81.446	4.593	10.561	38.259	31.789	100.52	20.367

map_40
	XhoI	XhoI	2.465	27.559	20.232	45.228	37.85	36.015	76.298	17.684	26.434	22.335	1.617	58.822	3.257	68.447	46.971	37.897	8.07	4.88	31.292	37.072	53.769	35.388	36.829	4.506	14.724	58.625	13.447	30.871	8.338	15.171

map_41
	XhoI	XhoI	1.563	95.631	24.136	62.887	42.387	87.066	37.256	59.531	45.061	114.539	56.77	38.601	2.214	5.426

map_44
	XhoI	XhoI	4.692	23.898	32.679	3.439	4.581	17.525	3.061	41.313	26.089	33.097	9.85	28.172	30.194	13.996	2.865	22.055	23.088	6.736	85.822	10.045	77.01	11.338	19.485	8.436

map_45
	XhoI	XhoI	276.035	31.7	97.554	14.811	38.22	45.035	87.545	29.992	115.868	30.077	4.889	17.955

map_46
	XhoI	XhoI	7.472	79.086	2.954	53.503	138.622	29.176	24.065	14.465	7.181	95.632	39.126	36.197	96.183	25.298	13.132	7.742	1.376	53.899	3.041	44.928	25.795	42.549	37.686	7.661	37.141	36.8	10.3	43.482	47.914	9.659

map_47
	XhoI	XhoI	19.595	4.685	14.603	72.357	12.356	19.99	115.192	24.164	66.484	42.606	30.253	20.569	14.937	22.603	42.535	13.043

map_49
	XhoI	XhoI	29.24	2.838	37.087	2.1	3.575	2.99	17.391	61.803	56.034	4.791	33.361	3.401	4.401	20.067	12.346	31.067	0.548	26.634	34.875	10.05	28.248	31.179	15.927	45.166	6.898	83.294	10.081	90.269	18.283	16.924

map_50
	XhoI	XhoI	10.936	1.507	4.789	28.567	8.749	5.88	50.539	37.137	24.556	48.865	32.508	57.376	56.543	50.204	1.899	12.549	100.646

map_52
	XhoI	XhoI	3.339	71.619	101.62	25.191	11.258	3.529	52.483	46.002	36.019	59.616

map_53
	XhoI	XhoI	50.676	3.4	13.472	38.827	9.877	59.515	3.109	66.01	42.467	20.391

map_54
	XhoI	XhoI	32.899	32.659	18.738	17.703	10.219	42.364	45.391	29.662	4.132	14.57	60.435	13.619	41.046	108.133	24.765	58.695	42.512	27.668	20.702	15.092	21.153	40.217	24.637	15.728	21.333	79.42	85.141	96.303	26.734	17.925	9.146	5.136	22.606	22.12	28.18	48.474	9.42	7.01	31.807	36.108	27.86	43.763	51.599	53.385	16.881	45.067	37.148	17.8	60.693	29.105	14.465	64.944

map_56
	XhoI	XhoI	6.106	27.247	42.239	46.218	65.883	36.311	41.927	18.044	104.101	71.037	53.16	2.455	36.114	1.925	6.868	76.503	38.025	20.498	4.743	31.902	3.539	4.339	16.896	17.236	28.532	0.549	67.769	27.717	30.017	13.936	2.787	20.251	24.242	7.427	88.03	9.464	10.202	62.691	59.953	1.355	1.735

map_57
	XhoI	XhoI	1.109	6.005	43.211	4.14	15.081	46.002	51.188	36.564	55.58	53.0	48.714	11.027

map_60
	XhoI	XhoI	22.168	110.524	3.487	55.008	7.804	1.874	58.643	3.103	41.244	24.164	45.681	48.581	4.622	31.903	19.778	20.153

map_61
	XhoI	XhoI	7.979	40.401	37.606	6.486	34.643	78.477	12.736	13.078	19.804	8.096	17.709	94.744	132.319	28.418	19.87	35.74	68.97	34.134	44.783	36.153	89.556	55.241	37.239

map_63
	XhoI	XhoI	7.03	4.65	53.002	86.852	14.53	133.57	2.802	36.382	2.168	3.56	2.89	69.582

map_64
	XhoI	XhoI	61.205	10.416	10.45	68.365	31.398	29.338	1.587	2.261	2.01	10.864	24.341	5.87	45.595	4.099	14.714	33.958	12.714	83.798

map_65
	XhoI	XhoI	3.097	55.912	57.373	45.948	1.999	13.461	112.306	189.478	32.399	14.695	80.321	5.136	9.677	65.97	16.869	83.962	29.577	115.733	28.085	28.201	136.965	70.159	68.856	57.424	20.659	83.488	28.582

map_66
	XhoI	XhoI	9.821	34.711	74.565	3.523	13.353	42.814	7.722	2.035	57.898	21.896

map_67
	XhoI	XhoI	72.257	34.958	4.48	14.254	59.496	12.687	12.215	18.791	24.78	115.632	64.357	42.324	51.259	14.998	21.491	40.528	24.079	15.403	71.795	36.048	80.547

map_69
	XhoI	XhoI	57.542	36.264	19.008	4.717	34.931	3.776	22.761	2.713	12.57	27.708	0.908	25.469	31.991	9.559	27.864	27.818	13.044	2.852	21.121	31.487	15.164	73.968	9.854	73.487	56.641	1.637	2.379	1.876	27.113	14.854	48.18	4.138	15.507	19.892	73.738	34.287	57.668	54.938	50.296	14.656	122.439	191.131	30.758	97.445	4.891	10.651	38.417	46.073	85.33	15.436	160.971	5.143	24.407	4.786

map_70
	XhoI	XhoI	77.823	25.454	24.026	67.494	71.351	27.149	36.428	9.91	49.357	43.37	40.554	21.022

map_71
	XhoI	XhoI	7.686	3.022	44.873	25.479	43.641	41.787	7.945	4.603	49.131	24.035	43.426	37.359	6.535	31.085	18.1	7.267

map_73
	XhoI	XhoI	26.234	28.207	19.416	14.649	21.656	40.535	26.118	36.033	78.387	88.105	9.337

map_75
	XhoI	XhoI	6.953	11.097	123.14	51.824	16.393	38.427	42.371	17.694	88.714	13.955	16.07

map_76
	XhoI	XhoI	74.003	19.059	39.249	3.579	4.585	16.913	2.892	40.208	0.848	26.073	32.147	9.211	26.68	29.777	12.581	2.623	21.904	31.847	15.774	70.102	9.715	74.581	12.363	49.476	1.653	2.645	28.562	8.704	6.136	44.977	18.965	19.726	13.337	12.466	50.7	30.94	57.469	56.771	47.14	2.042	12.972	108.309	70.365	120.192	138.797	5.032	10.501	73.595	16.084	17.557

map_78
	XhoI	XhoI	59.423	23.436	10.668	3.045	7.19	28.949	19.479	45.925	38.287	117.694	17.193	28.193	13.956	7.307	1.668	60.802	3.31	43.285	24.708	44.153	50.876	4.549	32.005	37.0	10.875	86.934	36.657	4.456	14.838	58.613	13.212	33.619	2.297

map_79
	XhoI	XhoI	17.0	49.297	14.578	20.388	65.187	14.927	21.247	45.796	34.607	73.114

map_81
	XhoI	XhoI	55.908	57.389	2.609	38.697	2.327	3.669	2.947	17.63	60.445	35.173	19.534	4.937	36.826	4.176	16.862	46.213	26.798	40.895	26.014	30.153	12.903	2.758	21.395	25.734

map_82
	XhoI	XhoI	6.984	14.831	70.664	9.539	10.262	122.043	1.538	2.407	12.77	15.431	8.341	6.352	45.041	4.107	14.875	34.962	12.588	53.162	32.805	53.206	97.321	14.947	115.587	9.954

map_83
	XhoI	XhoI	126.162	14.604	77.547	0.54	5.066	9.739	38.551	32.718	114.583	15.911	9.15

map_84
	XhoI	XhoI	31.063	22.9	117.465	23.519	69.102	67.426	30.469	24.267	10.954	38.107	19.984	46.983	40.49	36.668	23.239

map_85
	XhoI	XhoI	54.923	18.151	26.717	21.307	1.7	60.025	3.25	69.437	48.206	46.232	4.862	34.002	36.13	10.794	43.459	39.935	6.424	28.882	4.899

map_87
	XhoI	XhoI	36.129	29.194	19.236	38.722	40.306	25.631	37.297	45.993	36.176	81.598

map_89
	XhoI	XhoI	16.167	18.942	60.122	30.241	83.287	50.231	40.31	2.051	3.915	3.254	125.567	18.452	35.677	3.65	4.663	18.955	3.159	13.451	26.934	0.931	26.247	31.829	9.444	56.869	38.189	45.255	73.562	20.906	68.704	11.979	17.007	32.168	1.709	11.282	15.375	14.246	51.914	14.615	19.524	13.139	61.552	34.889	56.286	105.189	2.282	204.771	112.642	33.347	14.755	80.083	5.226	10.737	36.513	34.442	3.723	12.071	82.493	4.265

map_90
	XhoI	XhoI	82.698	173.704	28.684	24.772	11.206	2.963	7.003	29.05	19.624	47.033	37.378	116.617	16.705	25.703	23.21	1.659	57.807	72.025	43.793	41.817	8.413	4.682	32.214	18.813	18.962	11.378	81.599	6.907	28.21	76.604	13.045	12.158	20.54	7.978	19.098	4.003

map_91
	XhoI	XhoI	40.454	25.551	16.51	21.551	46.557	129.683	55.66	39.69	2.349	26.05	17.522	7.714	1.888	5.387	74.586	24.009	4.405

map_93
	XhoI	XhoI	20.803	28.296	14.374	72.031	51.246	2.701	36.623	2.243	3.695	3.079	17.012	57.388	58.223	34.438	3.565	4.547	33.192	29.116	27.547	32.383	9.588	26.032	28.614	13.489	25.208	25.041	6.776	14.65	72.658	114.784	30.745	2.544	2.083	11.559	15.285	8.88	6.183	51.615	15.441	19.727	12.685	12.672	147.103	59.719	46.128	2.201	12.594	120.015	65.23

map_95
	XhoI	XhoI	104.034	2.977	46.8	136.57	29.548	24.511	10.597	3.404	7.016	29.189	62.72	75.101	2.495

map_96
	XhoI	XhoI	75.821	3.274	13.328	24.719	14.263	8.495	53.304	49.221	24.438	83.344	8.13	4.48	32.613	17.489	29.44	42.789	1.943

map_97
	XhoI	XhoI	35.052	6.859	29.049	4.427	15.214	73.833	12.92	20.033	8.546	18.318	91.264	25.019	12.139

map_98
	XhoI	XhoI	53.056	43.43	67.355	21.358	66.42	36.142	47.655	35.851	95.752	90.918	2.41	26.846	17.968	7.67	1.655	5.446	24.016	51.398	22.556	25.545	8.855	33.779	5.014	22.457

map_99
	XhoI	XhoI	39.244	27.254	27.531	13.332	2.86	22.528	24.664	7.137	15.781	74.241	9.652	10.931	66.401	11.017	17.826	28.352	2.75	13.679	15.374	9.185	6.371

map_100
	XhoI	XhoI	43.348	4.295	35.829	12.724	12.81	50.988	89.578	95.416	14.977	97.83

map_101
	XhoI	XhoI	78.056	97.066	0.578	15.857	37.89	39.834	13.261	88.475	15.137	16.258	101.687

map_102
	XhoI	XhoI	14.39	29.322	4.815	110.42	3.122	50.409	63.609	68.935	73.565	6.743	48.865	43.67	74.693	79.15	17.216	27.953	14.165	7.964	1.367	55.315	3.27	69.279	43.67	39.438	7.912	4.519	20.965

map_103
	XhoI	XhoI	26.169	52.894	37.45	6.402	29.073	4.304	13.353	60.189	13.262	12.357	19.212	8.309	0.887

map_104
	XhoI	XhoI	16.531	89.366	90.163	44.438	29.29	19.59	37.973	39.731	25.409	15.439	41.365

map_105
	XhoI	XhoI	25.815	129.978	95.142	28.105	18.132	7.496	1.709	5.544	22.374	23.806	28.857	23.542	27.318	8.274	28.881	1.261	5.081	23.948	38.954	43.393	48.155	48.633	16.862	39.087	58.703	59.441	116.747	52.167	2.854	38.319	8.812	17.64	52.072

map_107
	XhoI	XhoI	20.001	28.169	13.907	2.849	22.732	24.034	94.414	9.423	10.669	61.374	1.902

map_108
	XhoI	XhoI	9.789	20.488	29.018	3.91	13.604	15.173	8.682	50.868	19.868	18.713	13.464	12.251	48.674	34.413	53.785	54.352	48.985	2.088	12.913	200.843

map_109
	XhoI	XhoI	88.058	33.1	94.807	0.954	5.104	10.287	37.314	31.87	3.261	101.639	29.573	106.103	29.03	107.927	3.401	122.626	100.051	22.803	10.955	8.296

map_110
	XhoI	XhoI	30.397	20.08	82.995	35.821	76.956	3.221	13.91	45.401	2.023	54.798	3.122	44.681	67.261	14.232

map_111
	XhoI	XhoI	24.674	8.007	4.352	50.2	17.121	51.832	40.899	6.566	30.021	4.62	79.238	14.041	12.451	19.101	7.997	16.751	5.532

map_116
	XhoI	XhoI	54.837	37.835	18.435	4.646	32.613	8.324	20.78	12.237	28.963	27.907	32.217	9.029	28.618	28.689	13.613	3.014	21.747	24.075	6.996	13.565	70.142	19.46	62.246	11.89	45.928	4.065	93.428	4.136	15.111	19.933	12.271	12.116	47.077	88.801	51.366	45.156	2.146	121.032	68.842	118.15	13.085

map_118
	XhoI	XhoI	47.66	3.175	26.225	25.227	68.398	71.143	31.466	23.982	10.879	3.479	54.743	41.684	39.105	35.808	73.691	3.41	13.685	24.52	13.315	68.264	49.174	72.024	49.487	4.896	69.137	10.274	28.633

map_119
	XhoI	XhoI	34.457	6.219	34.048	15.69	57.131	13.365	12.826	19.53	119.543	24.586	38.287

map_120
	XhoI	XhoI	27.086	42.53	60.497	21.172	60.244	14.429	20.156	45.803	35.662	54.125

map_122
	XhoI	XhoI	7.475	34.001	9.661	26.335	29.31	13.683	24.062	24.391	7.126	15.419	74.397	9.028	72.43	12.079	19.124	30.379	2.406	1.562	12.447	15.374	8.657	6.18	48.714	4.072	36.08	12.835	12.546	179.15

map_123
	XhoI	XhoI	64.397	2.246	13.276	113.466	69.719	122.462	30.821	15.79	77.816	14.716	35.18	31.641	3.549	12.745	98.026	16.768	135.7	28.63	78.698	123.751	97.158	24.648	22.195	2.262

map_124
	XhoI	XhoI	24.551	18.088	41.217	39.37	120.142	3.315	13.533	26.562	14.741	7.684	1.672	57.523	3.223	46.423	24.934	47.273	38.607	8.087	70.252	11.107	40.318	72.503	4.264	80.237	12.958	12.424	18.992	7.852	17.683	155.225

map_125
	XhoI	XhoI	19.036	73.422	19.537	14.465	21.043	41.414	25.414	14.848	20.42	11.663

map_126
	XhoI	XhoI	11.934	32.187	16.679	62.162	30.224	14.246	128.504	40.292	5.7	2.69	16.485	58.678	34.624	18.867	37.356	3.6	25.54	13.237	27.625	0.761	26.021	35.461	9.225	27.63	27.517	13.165	2.786	45.601	6.978	14.751	22.782

map_127
	XhoI	XhoI	15.75	1.756	2.545	1.807	11.977	15.39	14.867	45.12	19.246	20.125	25.892	48.088	33.838	57.979	20.718

map_129
	XhoI	XhoI	7.357	46.797	77.179	4.919	46.39	36.833	98.545	15.091	15.679	149.572	24.824	86.308	3.22	25.779	24.534	89.612

map_130
	XhoI	XhoI	61.314	29.143	25.161	10.356	3.243	6.633	29.131	18.957	199.646	3.419	13.709	26.423	19.567	1.406	113.163	23.325	43.362	39.111	7.878	34.405

map_131
	XhoI	XhoI	2.84	18.861	17.333	10.946	42.58	37.494	35.313	4.405	15.394	58.175	13.724	12.343	22.301

map_132
	XhoI	XhoI	4.439	17.843	89.11	92.859	43.131	30.016	19.863	14.311	60.827	18.745

map_133
	XhoI	XhoI	61.591	92.597	2.383	28.147	25.199	2.035	5.596	22.607	24.368	29.551	51.708	8.474	6.758	24.644	0.903	5.008	35.135	26.794	43.689	50.081	71.064	31.857

map_135
	XhoI	XhoI	67.735	40.047	19.454	36.749	3.576	4.438	18.54	2.723	13.364	28.387	0.82	26.311	5.281

map_136
	XhoI	XhoI	28.292	9.279	57.984	16.448	20.265	23.765	20.872	70.344	9.625	10.519	61.658	30.102	28.274	1.461	2.706	13.239	15.853	14.31	42.662	18.904	19.584	11.851	12.755	51.287	34.033	53.438	37.028

map_137
	XhoI	XhoI	65.487	2.46	190.77	141.152	15.112	78.48	4.756	10.39	36.382	31.641	3.526	114.84	16.878	109.774	30.105	29.349	83.337	52.781	73.759	65.802	31.648	34.272	3.319	6.957	48.853	44.289	37.541	116.852	3.376	13.877	48.933	1.57	62.985	47.042	49.074

map_138
	XhoI	XhoI	23.803	39.712	8.228	4.681	52.642	17.117	51.402	37.876	6.46	30.223	18.56	63.74	12.69	39.4	17.435	93.208	23.883	64.42	42.572	19.762

map_141
	XhoI	XhoI	34.543	13.875	24.978	31.517	15.288	81.544	69.927	11.844	17.906	28.202	2.39	29.226	15.083	43.457	4.312	15.245	20.427	12.729	12.384	44.784	34.201	54.87	54.667	48.096	14.699	117.794	176.074	31.834	14.619	82.709	0.746	5.382	11.326	38.623	32.454	16.505	97.395	125.409	33.791	6.993

map_142
	XhoI	XhoI	141.039	24.258	71.361	75.253	29.092	25.527	14.805	7.111	29.348	18.276	85.498	116.804	3.5	41.166	13.274	7.816	1.825	21.32

map_143
	XhoI	XhoI	37.677	46.47	23.847	82.373	8.157	4.923	27.946	18.726	17.497	45.421

map_144
	XhoI	XhoI	53.675	13.041	18.862	8.342	139.129	62.478	42.007	29.525	20.535	14.858	89.345	15.792	21.435	47.355	34.084	89.041	51.279	39.185	2.345	28.215	18.489	7.508	1.912	2.436

map_145
	XhoI	XhoI	11.601	50.121	16.965	38.877	5.122	34.696	71.398	28.033	13.937	126.146	37.889	1.955	3.378	2.871	17.442	57.446	57.024	5.058	31.303	3.6	4.515	33.731	28.348	0.655	27.352	34.276	9.353	59.038	13.486	2.672	44.619	6.757	22.522

map_146
	XhoI	XhoI	41.761	10.48	64.858	11.389	19.431	28.959	1.844	2.607	2.073	12.116	15.696	8.83	49.85	19.268	20.677	12.636	60.317	86.624	56.845	47.527	1.839	36.045

map_147
	XhoI	XhoI	306.677	15.297	101.109	38.367	35.895	13.092	85.074	14.825	120.797	28.445	5.007	23.528	45.178

map_148
	XhoI	XhoI	22.475	46.249	145.613	3.205	13.516	27.775	12.783	8.038	1.675	57.911	45.406	25.332	82.188	8.137	34.906	35.823	54.574	36.637	6.476	30.229	18.632	61.275	12.903	12.511	20.36	8.37	18.439	96.783	23.823	64.168	44.11	23.501

map_149
	XhoI	XhoI	5.123	21.591	15.485	22.783	41.006	26.557	15.552	20.083	43.778	187.723	39.661	2.158	27.716	17.969	7.325	1.77	5.705	23.518	50.7	24.448	61.78	1.49	5.113	34.365	26.178	39.984

map_151
	XhoI	XhoI	47.652	41.62	69.383	58.352	2.894	39.594	2.195	3.781	85.408	36.789	24.537	31.45	3.674	22.19	3.034	12.858	28.729	25.93	34.469	9.461	26.653	26.738	13.515	24.143	23.235	7.025	13.989	74.351	9.745	10.451	77.837	18.314	27.45	1.723	2.35	1.973	11.402	15.054	8.342

map_152
	XhoI	XhoI	12.846	53.305	47.953	2.278	120.237	180.127	32.681	15.42	75.756	0.548	5.114	88.01	12.025	26.992

map_154
	XhoI	XhoI	14.704	20.647	84.339	34.615	78.572	14.147	41.924	7.601	1.628	62.751	46.723	3.786

map_155
	XhoI	XhoI	64.882	38.123	7.949	34.485	18.259	26.964	42.917	38.146	6.322	28.374	4.583	75.664	13.618	12.868	26.884	16.979	92.624	23.259	62.519	45.346	28.915	19.96	35.713	64.12	36.782	79.189	141.491	39.651	2.114	26.93	17.574	7.502	1.911	5.67	24.009	16.078

map_157
	XhoI	XhoI	6.73	58.606	28.273	14.53	128.673	2.478	38.705	3.754	3.013	17.144	60.289	53.04	4.573	33.467	3.783	4.801	19.25	12.583	28.8	71.34	27.085	28.521	13.454	2.715	21.688	24.307	7.581	14.746	72.581	9.43	9.832	74.117	18.47	31.488	2.409	2.223	11.799	15.745	8.449	6.508	46.425	4.211	15.046	33.559	12.061	147.73

map_158
	XhoI	XhoI	58.193	48.017	1.906	13.574	95.707	191.546	31.404	91.97	5.558	10.064	68.357	15.966	28.114

map_161
	XhoI	XhoI	9.71	37.066	36.267	72.774	3.352	14.443	26.562	13.097	9.41	63.846	73.123	29.313

map_162
	XhoI	XhoI	15.74	39.938	8.247	4.928	46.903	27.857	40.056	37.144	6.253	30.389	4.956	13.941	59.949	14.448	12.555	18.59	25.696	93.144	25.233	63.043	40.17	50.585	14.214	61.993	25.672	36.904	44.58	36.662	92.69	76.051

map_164
	XhoI	XhoI	58.626	53.494	4.877	33.534	3.754	4.648	18.169	3.018	42.107	1.114	27.369	34.093	9.164	57.57	17.06	21.591	23.729	6.843	15.22	68.919	9.538	10.258	63.321	12.239	18.294	31.687	2.002	11.664	23.567	6.221	47.072	4.292	35.35	12.382	12.548	47.66	12.472

map_166
	XhoI	XhoI	9.044	118.023	32.067	15.398	80.969	5.499	10.895	37.877	33.422	3.424	99.634	29.036	136.57	24.078	82.925	2.896	25.908	84.852	70.358	29.749	24.286	14.611	6.965	52.409	81.114	33.873	78.283	14.491	40.277	67.484	45.007	24.525	46.561	39.867	7.998	37.199	37.831	10.263	43.881

map_167
	XhoI	XhoI	51.166	14.118	12.645	27.24	18.005	95.503	134.812	26.303	35.556	63.46	27.032	15.777	21.916	78.927	13.588

map_168
	XhoI	XhoI	74.294	56.372	42.358	44.451	7.864	1.897	5.309	24.114	49.723	23.859	27.59	8.117	6.866	25.352	1.347	5.219	28.5

map_170
	XhoI	XhoI	38.098	4.662	36.976	17.438	59.181	28.637	14.26	75.85	54.914	2.562	39.266	3.883	83.256	37.548	19.287	4.919	32.736	3.617	21.969	2.838	12.157	29.372	26.55	33.254	9.782	28.169	28.396	12.534	2.826	22.052	22.627	6.906	14.241	75.02	10.329	81.904

map_171
	XhoI	XhoI	12.621	47.698	4.124	14.223	19.051	77.127	33.959	117.147	49.296	2.068	13.697	114.088	64.247	144.957	93.821	0.785	15.151	37.243	30.751	55.896

map_172
	XhoI	XhoI	50.245	28.184	4.658	104.778	3.17	25.656	24.313	172.449	23.504	11.508	3.441	6.728	30.081	91.563

map_173
	XhoI	XhoI	14.983	76.792	3.358	40.157	14.083	8.277	1.545	59.969	47.409	25.477	43.646	38.541	13.564	32.525	34.37

map_174
	XhoI	XhoI	1.428	10.941	45.132	45.179	27.503	21.11	59.494	13.782	12.314	18.411	8.038	17.406	90.575	24.469	103.058	63.82	21.928	39.936	40.972	67.382	34.459	85.377	17.718

map_175
	XhoI	XhoI	7.069	55.646	30.331	14.548	71.834	96.243	2.057	3.536	3.049	16.978	92.636	20.168	5.253	37.975	21.704	2.786	13.409	27.222	0.884	18.196

map_176
	XhoI	XhoI	7.417	32.827	9.211	56.564	13.771	2.817	22.634	25.632	7.171	14.921	69.781	20.785	63.483	30.767	30.308	2.493	1.759	11.234	4.426

map_179
	XhoI	XhoI	22.799	15.273	38.495	34.889	103.376	31.958	142.17	4.895	107.053	3.022	25.881	24.729	138.299	55.899	11.238	2.79	6.576	28.539	19.73	42.585	37.391	26.315

map_180
	XhoI	XhoI	8.504	80.583	3.415	14.037	40.862	7.348	1.379	63.934	69.639	44.304	4.588

map_181
	XhoI	XhoI	43.776	4.623	33.862	17.915	17.54	11.051	43.395	40.392	32.36	14.571	61.426

map_182
	XhoI	XhoI	0.748	13.119	11.634	18.797	7.921	18.216	82.55	25.011	110.677	27.629	20.896	14.42	21.74	66.812	15.131	20.398	45.969	61.553

map_183
	XhoI	XhoI	62.779	54.014	39.992	2.467	46.85	7.942	1.724	30.703	21.904	50.348	27.675	8.772	31.581	1.335	4.982	24.61	11.363	27.893	91.972	54.246	16.175	39.545	39.585	10.408

map_184
	XhoI	XhoI	30.81	52.408	98.868	17.771	83.448	13.284	71.325	56.876	41.501	1.836	3.212	2.988	16.462	60.374	37.811	18.923	4.886	32.004	3.984	4.805	21.465	39.687	1.114	24.792	42.733	27.066	44.319	2.884	21.634	23.361	2.17

map_185
	XhoI	XhoI	4.968	81.456	10.312	10.474	73.546	49.259	1.681	4.61	11.951	15.709	8.96	6.24	43.132	4.322	35.254	12.66	12.037	146.503	55.486	47.732	1.906	196.781	111.817	33.866	15.533	81.461	14.419	64.852	3.613	12.729	42.039

map_187
	XhoI	XhoI	6.628	71.271	28.158	24.646	11.245	10.199	50.083	41.932	41.833	36.968	75.161	16.706	25.135	14.247	8.995	62.756	40.665	25.334	90.967	4.608	32.384	35.564	10.698	43.076	35.315	6.148	30.354	18.464	74.744	12.587	19.162	8.093	4.789

map_188
	XhoI	XhoI	18.684	27.323	20.813	13.995	64.592	23.909	16.23	96.467	147.984	17.666

map_191
	XhoI	XhoI	36.243	38.072	23.25	36.543	22.384	2.843	40.834	0.588	29.122	34.445	9.264	27.041	28.436	14.215	2.753	21.441	22.912	21.65	68.783	9.896	10.551	69.357	11.704	18.574	27.998	3.971	1.906	11.341	23.777	6.518	43.693	4.128	15.668	20.836	7.863

map_192
	XhoI	XhoI	5.202	12.676	47.081	86.169	106.677	131.93	61.51	157.642	14.433	132.143	36.524	13.344	88.28	14.42	15.882	113.903	28.067	4.778	25.429	63.584

map_193
	XhoI	XhoI	25.415	3.212	50.448	68.015	66.31	31.703	24.723	10.792	9.685	49.004	10.128

map_195
	XhoI	XhoI	1.189	4.589	13.865	73.103	12.37	26.114	18.057	90.053	25.09	108.671	27.214	20.9	34.934	39.024	26.248	16.251	20.137	45.858	25.482

map_197
	XhoI	XhoI	11.286	29.572	85.977	51.567	2.574	37.858	2.112	3.69	2.728	17.386	60.861	54.189	10.437

map_198
	XhoI	XhoI	33.525	21.377	2.964	13.242	28.138	0.712	27.976	33.692	9.788	26.817	28.676	13.851	3.05	21.566	25.367	6.982	45.784

map_199
	XhoI	XhoI	4.316	49.519	6.017	26.204	15.177	47.197	4.118	14.38	19.925	13.501	12.707	53.407	36.427	111.626	46.517	2.271	120.158	66.727	55.051

map_200
	XhoI	XhoI	179.054	4.833	10.296	38.017	32.799	3.276	13.076	99.115	16.099	112.451	29.678	28.232	83.689	24.856	9.089

map_201
	XhoI	XhoI	179.579	25.742	10.8	3.33	6.858	30.407	19.41	44.351	36.552	38.505	77.876

map_202
	XhoI	XhoI	0.804	13.936	39.674	8.123	1.699	62.639	44.354	24.637	40.682	42.723	6.874

map_203
	XhoI	XhoI	1.35	4.777	30.286	19.551	28.578	42.566	35.86	35.918	4.511	14.899	58.398	13.224	13.352	18.838	8.439	17.657	38.943

map_204
	XhoI	XhoI	49.586	24.835	61.134	70.857	19.642	36.203	41.765	24.544	37.975	44.871	35.882	90.059	94.802	1.93	27.971	25.409	1.811	5.077	23.207	20.384

map_206
	XhoI	XhoI	68.401	22.457	22.819	7.165	15.722	74.873	9.979	10.198	66.901	11.251	17.199	29.619	3.707	2.221	11.039	15.946	8.186	6.229	43.106	4.374	14.371	45.095	48.214	89.485	54.892	28.426

map_207
	XhoI	XhoI	18.439	2.189	13.154	186.37	116.791	42.168	78.629	0.61	16.513	35.56	34.489	13.029	225.565	57.812	84.275	2.957	25.177	26.047	26.862

map_209
	XhoI	XhoI	104.573	8.154	4.515	30.896	19.146	16.512	10.39	40.711	36.2	5.476

map_210
	XhoI	XhoI	70.686	25.313	67.678	40.304	29.12	34.53	99.669	21.051	47.454	36.648	87.972	0.537

map_212
	XhoI	XhoI	50.307	37.016	19.45	4.993	33.906	3.449	4.676	19.027	12.975	28.731	0.601	55.979	9.943	25.429	43.86	21.075	23.561	7.231	14.182	72.024	9.62	10.058	63.894	32.873	28.913	1.652	2.611	11.11

map_213
	XhoI	XhoI	2.361	23.613	6.457	48.136	15.843	18.851	13.68	12.098	49.046	32.626	116.074	27.384

map_215
	XhoI	XhoI	18.244	33.42	14.557	84.434	16.107	35.833	33.464	3.482	13.439	83.141	15.282	15.605	117.627	34.693	23.354	82.741	3.19	26.397	24.285	69.139	68.773	65.327	3.205	53.821	81.383	36.399	81.107	13.151	27.298	13.47	7.862	1.36	64.424	43.534	109.736	13.805	32.39	19.614	17.166	10.663	42.753	38.128	6.679	34.243	14.995	61.431	13.735	12.66	44.217	7.476

map_216
	XhoI	XhoI	88.792	96.466	43.321	30.134	18.883	15.07	21.141	65.203	14.911	20.395	17.902

map_217
	XhoI	XhoI	27.611	166.687	45.33	27.733	18.076	7.801	1.812	5.317	22.944	20.986	29.359	23.754	36.27	6.765	23.146	6.506	23.288	11.46	26.335	58.901

map_219
	XhoI	XhoI	2.27	24.924	23.537	7.163	14.947	69.81	20.324	61.721	11.674	17.714	27.957	1.568	2.145	1.76	27.093	14.86	44.688	4.147	15.102	20.528	12.811	12.185	50.222	33.983	145.583

map_221
	XhoI	XhoI	47.362	23.898	15.179	6.923	29.724	20.014	43.03	40.54	38.113	73.907	15.771	28.986	14.313	7.085

map_222
	XhoI	XhoI	0.792	1.982	59.928	3.011	46.648	67.61	39.853	8.35	4.382	32.03	16.972	17.383	88.66	6.142	27.765	4.469	15.508	57.154	13.355	12.733	19.337	24.226

map_223
	XhoI	XhoI	124.101	113.501	27.936	19.561	15.255	20.632	44.189	24.455	15.573	102.741	87.87	53.764	41.968	2.385	28.073	11.592

map_224
	XhoI	XhoI	3.408	2.638	40.281	25.558	60.028	38.13	18.773	4.863	33.354	3.665	4.988	17.895	2.821	13.254	27.587	27.436	33.802	9.958	28.35	29.326	14.027	2.619	21.307	19.987

map_225
	XhoI	XhoI	4.354	7.052	14.5	72.074	9.623	10.837	61.387	31.192	29.072	1.567	2.331	13.14	23.654	6.019	47.257

map_226
	XhoI	XhoI	4.881	45.499	12.275	49.848	34.703	109.833	45.832	2.267	119.113	67.586	113.882	33.249	14.728	76.735	5.448	9.681	69.92	16.482	84.927	29.162	48.24

map_227
	XhoI	XhoI	38.398	3.178	26.867	87.057	68.663	29.501	24.266	13.749	92.866	71.043	82.03	3.48	13.201	26.09	21.934	1.702	58.012	3.117	38.233

map_228
	XhoI	XhoI	27.173	45.279	85.92	18.863	17.184	10.618	43.719	34.768	6.635	29.323	4.532	14.038	59.685	12.866	12.801	26.359	18.128	91.043	25.334

map_230
	XhoI	XhoI	36.593	91.848	96.883	2.272	27.42	18.629	7.761	7.669	23.947	52.662	23.879	29.338	8.857	6.719	24.932	31.532	11.694	24.547	42.801	100.492	15.949	38.383	39.255	73.251	27.965	14.257	8.343

map_231
	XhoI	XhoI	25.21	53.189	17.278	38.401	40.697	18.004	57.648	28.925	14.053	75.746	51.549	2.902	40.253	3.741	2.696	16.263	95.985	19.099	4.669	32.811	3.69	25.756	41.06	28.081	41.677	28.572	29.288	14.026	50.397	6.73	15.306	52.66

map_232
	XhoI	XhoI	73.989	53.585	54.4	43.692	16.06	116.401	69.576	142.935	94.453	4.9	41.816	34.387	12.832	38.075

map_233
	XhoI	XhoI	51.526	13.87	14.867	106.349	29.635	4.903	116.624	50.79	67.44	102.857	39.57	6.925	27.041	3.227

map_234
	XhoI	XhoI	9.048	71.02	41.843	7.953	4.616	31.919	19.081	16.752	54.559	28.086

map_235
	XhoI	XhoI	12.012	18.959	60.349	13.413	12.675	19.786	7.779	17.467	95.736	132.264	28.753	35.598	22.581	40.937	25.505	35.403	46.462	129.03	53.16	40.274	2.451	27.168	18.186	7.418	1.761	5.521	24.26	23.034	28.002	23.623	27.24	41.132	28.853	11.199	88.635

map_237
	XhoI	XhoI	14.087	31.838	9.931	27.281	30.179	13.784	49.095	7.262	91.051	10.291	9.968	65.304	11.476	47.095	1.64	16.23	31.016	49.544	35.393	12.848	13.385	46.139	33.358	112.99	50.644	2.163	13.034	115.032	61.526	119.756	32.2	15.33	80.514	0.658	2.487

map_238
	XhoI	XhoI	12.497	3.699	13.474	102.092	16.15	105.701	27.845	30.055	87.941	126.325	6.643

map_240
	XhoI	XhoI	6.353	7.595	1.435	59.516	45.607	69.486	41.855	12.567	31.752	18.435	17.046	53.632	36.672	6.469	32.775	77.289	12.514	13.2	18.486	8.02	18.788	88.821	24.088	104.63	27.706	37.063	20.314	41.691	5.326

map_241
	XhoI	XhoI	21.726	15.734	20.698	46.511	37.87	88.159	94.046	2.299	54.337	5.801	19.754

map_243
	XhoI	XhoI	21.666	18.573	4.918	30.749	3.759	22.892	2.837	12.94	29.384	27.353	32.613	10.175	27.499	44.285	2.631	21.765	22.479	7.045	14.511	24.178

map_244
	XhoI	XhoI	30.199	13.483	61.78	32.541	148.72	15.142	118.953	220.232	15.296	80.388	15.597	35.836	13.834

map_245
	XhoI	XhoI	113.27	26.529	4.935	25.421	83.833	29.736	96.229	68.344	64.915	3.312	7.057	28.251	17.887	210.17	43.494	13.492	7.806	1.799	61.303	46.448	70.862	47.999	4.767	49.4	17.777	10.498	44.759	38.359	6.525	29.584	4.452	81.402	12.929	12.621	19.466	8.112	17.694	91.647	24.226	53.176

map_246
	XhoI	XhoI	53.357	28.872	53.717	39.367	24.65	15.25	22.601	44.281	36.284	42.918

map_248
	XhoI	XhoI	6.131	5.093	35.447	16.929	58.442	44.887	73.511	56.951	3.009	39.642	2.199	3.703	123.188	8.186

map_249
	XhoI	XhoI	10.733	5.071	32.485	8.138	17.384	3.175	13.626	27.313	0.938	25.729	32.311	9.973	27.863	29.793	13.58	2.9	47.908	7.335	13.764	60.25

map_251
	XhoI	XhoI	7.34	14.246	76.281	53.446	33.795	16.797	89.685	14.528	16.81	131.892	30.264	39.232

map_252
	XhoI	XhoI	51.142	24.729	150.202	30.456	24.343	10.845	3.348	7.137	99.017	40.672	36.622	73.657

map_253
	XhoI	XhoI	7.714	13.574	28.028	24.423	59.343	3.384	45.343	24.109	42.118	39.12	8.1	56.493	16.88	10.869	43.914	36.57	6.508	29.051	4.641	15.257	72.617	12.377	18.313	109.552	24.98	61.698	43.131	47.385	37.597	41.472	43.199	20.023	43.966	126.163	57.115	41.518	2.496	26.459	17.689	9.001	5.434	23.419	23.632	28.055	45.364

map_256
	XhoI	XhoI	23.609	14.999	71.144	53.064	2.758	39.944	2.291	3.67	2.872	16.926	60.405	87.412	8.265	17.236	2.982	12.955	53.566	32.665	9.478	27.64	29.772	13.267	2.778	21.664	11.457

map_257
	XhoI	XhoI	0.686	12.962	15.442	8.5	6.137	49.995	14.6	20.253	12.287	12.804	50.68	33.678	57.032	103.781	15.277	68.045

map_258
	XhoI	XhoI	341.67	0.667	4.981	10.492	37.257	33.855	3.319	13.052	103.804	130.508	55.921	92.145	3.294	24.951	23.832	24.957

map_259
	XhoI	XhoI	41.946	72.964	29.976	37.961	6.864	50.093	45.191	36.871	35.095	81.365	13.353	41.327	7.825	1.702	60.792	1.984

map_260
	XhoI	XhoI	1.08	46.854	24.186	44.313	83.73	18.21	17.837	9.671	41.327	37.624	33.516	4.352	14.75	61.078	13.388	0.749

map_261
	XhoI	XhoI	11.654	45.453	89.943	24.185	60.551	43.59	28.909	20.96	15.257	20.618	69.317	34.023	43.946	36.139	87.35	1.307

map_264
	XhoI	XhoI	28.286	14.707	131.327	29.489	4.553	103.828	29.383	25.621	71.767	100.835	24.936	13.967	7.225	28.366	65.934	40.131	37.377	91.313	26.95	13.458	7.8	41.252

map_265
	XhoI	XhoI	19.878	3.065	45.392	23.381	46.252	46.846	4.565	31.106	19.503	17.675	10.824	80.71	6.471	32.782

map_266
	XhoI	XhoI	42.224	13.724	12.01	19.747	26.258	92.279	26.168	66.609	42.908	28.37	34.658	2.019

map_267
	XhoI	XhoI	10.285	33.558	86.032	58.903	41.105	27.675	25.555	7.579	22.922	24.569	25.974	25.497	26.905	8.697	30.344	1.664	5.101	24.64	78.033	45.321	53.731	16.611	38.441	4.965	104.793	29.159	13.65	134.214	2.499	36.812	8.5	15.948	60.509	33.938	18.524	4.852	36.978	26.044	12.425	27.209	0.793	56.942	10.044	27.868	27.977	13.499	2.962	21.799	23.677	7.114	14.784	69.285	8.695	10.185	62.658	12.338	19.096	28.304	2.414	1.986	11.816	15.601	15.115	44.946	4.309	14.22	20.353

map_268
	XhoI	XhoI	17.292	16.221	43.215	34.829	78.581	43.137	70.812	51.043	2.701	36.413	1.965	3.261	2.879	75.275	38.754	18.805	5.026	34.106	3.771	4.75	17.483	3.077	12.682	27.745	0.637	25.597	34.02	9.208	24.718	30.324	13.565	2.521	21.303	23.838	6.942	86.484	116.895	27.782	1.474	2.066	1.828	11.912	15.252	59.157	3.93	15.431	5.094

map_269
	XhoI	XhoI	18.318	12.489	113.484	206.149	14.409	78.651	0.834	4.918	45.339	26.12

map_271
	XhoI	XhoI	22.067	5.097	23.899	83.405	3.201	27.282	96.023	125.356	10.85	3.167	35.74	18.023	70.874

map_272
	XhoI	XhoI	52.798	74.313	3.388	13.393	49.805	1.769	58.225	3.219	43.392	24.983	44.187	39.578	7.931	54.905	16.834	10.205	44.366	39.034	33.705	4.641	13.984

map_273
	XhoI	XhoI	0.707	63.94	13.008	11.563	19.975	24.955	95.56	24.728	62.056	44.13	28.361	19.17	37.962	40.616	24.869	81.675	31.94	37.052

map_274
	XhoI	XhoI	52.853	95.409	27.76	17.193	7.723	1.627	5.313	20.999	23.101	28.919	53.651	8.868	6.63	24.836	1.451	5.184	36.552	26.98	2.85

map_275
	XhoI	XhoI	2.663	19.844	27.359	3.855	2.174	11.707	15.17	8.743	6.161	50.206	36.557	12.42	11.973	52.223	33.214	37.786

map_276
	XhoI	XhoI	35.388	48.864	2.213	13.07	109.624	192.378	33.29	14.939	75.271	5.298	10.45	37.397	172.008	104.347	55.276	84.865	55.277	68.217	102.398	25.275	11.754	3.461	7.105	30.804	63.854	40.084	16.846

map_277
	XhoI	XhoI	97.09	3.308	13.544	41.666	7.872	1.645	58.34	3.104	44.072	23.937	83.04	8.103	4.704	32.55	19.104	17.934	28.335

map_278
	XhoI	XhoI	19.213	133.399	28.94	20.705	14.067	62.454	23.163	15.45	20.675	44.78	37.034	190.57	2.327	27.035	18.489	14.399	23.751	50.404	23.785	25.614	8.772	6.902	24.521	6.328	34.968	26.167	44.996	51.719	51.258	16.124	38.056	5.395	36.401	16.711	59.488	43.413	72.159	55.168	2.902	38.112	2.204	3.424	2.927	16.249	58.355	56.194	38.109	3.939	25.095	12.587	28.301	27.472	32.172	9.178	25.866	29.922	13.791	2.695	21.542	29.782	13.893	73.075	9.598	10.322	9.158

map_280
	XhoI	XhoI	0.807	29.049	13.672	2.822	22.208	23.031	6.968	13.596	71.601	9.916	10.409	66.935	29.047	28.947	3.905	2.064	11.382	15.188	8.257	49.743	4.58	15.415	19.399	104.168	56.542	57.874	4.988

map_281
	XhoI	XhoI	40.488	14.585	120.869	214.094	14.391	78.69	5.583	10.089	69.58	3.221	119.171	120.489	30.466	5.218	9.655

map_282
	XhoI	XhoI	50.75	70.389	54.008	11.357	3.345	7.079	27.895	20.018	44.084	38.729	35.087	125.623	14.366	8.581	1.254	62.299	45.497	51.033

map_283
	XhoI	XhoI	14.99	37.662	7.576	4.401	49.711	17.366	10.576	87.319	28.579	4.513	14.855	63.278	0.948

map_285
	XhoI	XhoI	57.835	40.485	21.069	47.702	35.865	149.875	42.817	1.926	26.968	18.781	7.577	7.053	21.251	24.376	53.263	28.398	8.861	3.526

map_287
	XhoI	XhoI	21.981	36.58	41.766	17.695	86.032	83.233	57.092	2.702	37.957	2.256	3.734	2.771	16.735	60.031	54.684	5.141	23.408

map_288
	XhoI	XhoI	20.977	9.671	28.424	28.004	16.121	21.927	30.269	14.183	69.9	9.738	9.963	65.381	30.944	28.327	1.412	2.424	1.959	12.282	15.146	1.06

map_289
	XhoI	XhoI	73.35	54.228	107.378	2.135	13.312	321.029	99.41	9.002	65.758	3.675	105.453	14.945	15.945	111.159	28.756	4.831	24.069	82.599	3.27	29.074

map_290
	XhoI	XhoI	9.24	28.413	24.854	11.096	37.656	20.307	83.311	34.327	77.954	3.174	12.615	40.033	7.986	1.557	59.668	3.049	35.748

map_291
	XhoI	XhoI	8.437	25.052	44.024	40.251	8.173	4.763	32.663	18.354	16.588	52.606	35.871	6.251	35.16	14.813	73.807	30.625	8.565	106.116	135.992	28.945	19.567	36.04	38.904	25.78	15.65	21.529	43.646	36.005	150.36	38.904	2.143	27.744	26.617	1.881	5.516	5.198

map_292
	XhoI	XhoI	29.95	1.523	2.517	2.02	28.07	9.087	6.053	45.837	4.303	14.733	21.335	14.075	12.741	49.012	34.534	2.87

map_293
	XhoI	XhoI	108.245	48.327	2.177	121.876	70.134	111.096	34.51	14.2	79.975	5.675	45.632	31.064	16.115	97.464	16.307	135.326	4.753	111.955	2.801	50.824	67.331	124.663	11.136	3.361	6.99	27.636	128.307	13.53

map_294
	XhoI	XhoI	67.814	3.225	13.172	27.602	13.626	7.86	1.439	61.005	108.593	40.797	8.024	4.661	32.1	19.177	25.922	42.445	45.421	29.483	4.604	14.65	60.602	12.409	12.544

map_295
	XhoI	XhoI	27.107	113.68	26.118	64.799	45.266	48.717	36.696	42.195	26.757	15.571	20.046	85.768	3.052

map_296
	XhoI	XhoI	91.49	53.235	73.964	25.817	1.634	5.607	24.565	76.183	27.487	8.317	6.699	26.516	1.601	5.198	23.71	10.585	71.817	50.694	48.709	53.188	5.091	35.418	75.312	29.935	13.683	68.141	53.011	43.072	2.329	3.36	2.689	16.254	10.342

map_298
	XhoI	XhoI	35.263	5.072	51.602	87.412	14.506	69.686	52.648	2.339	40.589	1.998	3.84	2.864	84.909	37.509	23.229	32.579	3.672	4.716	20.821	43.703	0.757	26.393	30.772	9.554	27.002	21.113

map_299
	XhoI	XhoI	7.324	13.594	2.664	21.707	23.11	88.44	9.491	75.193	63.682	1.996	11.528	30.509	45.388	4.241	15.088	19.951	12.783	12.41	47.722	33.292	54.731	61.83	51.16	2.019	13.181	165.782	116.476	31.477	92.938	5.348	9.868	40.261	34.327	3.4	4.658

map_300
	XhoI	XhoI	95.579	14.39	132.711	28.12	5.163	107.117	3.224	24.912	25.355	72.972	100.426	24.882	11.308	3.15	56.361	87.469	36.139

map_301
	XhoI	XhoI	13.734	7.601	1.973	59.56	45.442	24.995	44.526	47.058	4.773	49.649	15.926	10.205	38.359

map_302
	XhoI	XhoI	7.546	36.452	6.646	27.238	4.599	77.276	12.909	12.712	19.323	25.779	84.54	134.56	30.4	20.377	15.437	21.42	42.635	26.249	14.62	22.137	10.708

map_305
	XhoI	XhoI	34.595	2.456	36.008	1.896	6.755	17.562	58.464	36.015	24.711	31.223	3.611	4.608	17.925	2.999	13.394	25.589	0.743	48.313

map_306
	XhoI	XhoI	10.971	9.779	27.348	28.309	12.876	2.621	22.456	31.206	81.423	10.227	10.858	64.49	29.733	30.332	1.534	2.408	14.111	15.397	8.276	6.199	20.035

map_307
	XhoI	XhoI	24.111	19.5	21.252	23.787	48.742	33.721	55.676	55.946	45.403	2.261	13.122	338.708	14.846	79.499	4.927	74.145	17.333	31.86

map_310
	XhoI	XhoI	101.31	79.06	3.66	40.009	14.159	7.71	1.779	54.59	3.202	45.509	25.733	43.875	48.232	4.481	32.748	18.265	18.064	51.464	44.275	27.7	19.385	61.675	13.361	13.41	19.021	7.912	31.331

map_311
	XhoI	XhoI	79.289	25.388	56.926	41.902	29.822	20.363	15.322	22.115	39.119	25.565	14.644	20.53	45.866	120.655	56.322	40.594	61.913	23.8	24.311	52.956	27.178	14.481

map_313
	XhoI	XhoI	7.817	19.219	4.824	32.909	3.683	4.493	18.839	2.912	12.787	27.927	24.146	34.665	9.513	28.101	42.494	2.601	17.505

map_314
	XhoI	XhoI	14.98	14.519	67.779	20.846	62.773	11.217	18.197	30.928	2.371	1.69	12.102	15.38	8.419	6.154	44.255	4.429	15.551	33.337	12.38	47.762	29.367

map_315
	XhoI	XhoI	4.039	55.595	57.366	49.427	2.212	127.031	200.875	14.415	76.304	5.894	10.445	73.949	12.287	85.562	29.884

map_317
	XhoI	XhoI	48.563	71.192	64.623	3.199	7.112	27.63	19.518	45.811	149.611	3.35	13.36	27.076	13.806	7.801	1.82	55.498	2.965	44.753	67.108	40.398	7.916	4.638	31.844	18.201	17.69	53.033	37.284	6.212	27.631	4.595	88.41	13.118	17.781	8.136	18.765	94.337	89.003	39.985	27.364	20.192	14.554	120.484	18.594

map_321
	XhoI	XhoI	5.621	0.68	73.662	59.453	13.423	2.645	21.729	23.453	7.134	15.035	72.675	9.375	10.667	69.518	11.659	4.29

map_322
	XhoI	XhoI	42.14	1.625	2.634	2.007	27.841	8.376	6.045	43.135	4.172	14.559	20.812	69.769	91.114	53.872	44.484	2.186	13.082	52.207

map_324
	XhoI	XhoI	2.044	75.675	5.58	47.132	32.332	105.24	14.227	15.047	110.322	31.065	28.995	82.328	27.89	24.31	30.936

map_325
	XhoI	XhoI	20.364	10.066	27.643	19.217	43.844	39.354	35.041	77.12	17.212	26.409	13.534	8.216	64.117	42.835	24.298	83.765	8.591	4.542	33.637	36.008	10.344	83.354	5.907	26.123	4.453	15.186	52.226

map_326
	XhoI	XhoI	20.682	31.701	7.924	18.32	91.111	23.813	62.143	42.684	30.324	20.939	15.316	21.915	64.414	15.299	19.791	47.58	33.893	142.571	41.562	2.281	25.406	17.418	7.81	1.794	5.75	44.645	28.123	24.598	35.632	6.712	24.945	30.179	11.206	50.753

map_328
	XhoI	XhoI	44.882	2.719	37.924	2.261	23.559	93.069	17.922	4.981	32.533	3.935	4.342	18.58	2.845	12.751	15.748

map_329
	XhoI	XhoI	13.742	26.559	41.492	27.7	28.506	16.207	21.13	31.988	14.346	70.311	10.137	79.274	12.318	18.362	29.621	2.554	1.912	11.817	15.889	8.246	6.216	45.926	4.094	14.796	20.481	13.186	12.138	50.828	33.425	7.318

map_330
	XhoI	XhoI	107.625	15.109	110.742	178.945	31.698	14.655	85.212	4.847	10.157	37.612	32.868	15.714	101.442	2.083

map_331
	XhoI	XhoI	147.954	29.241	82.246	3.183	49.041	62.31	75.322	30.356	24.579	14.928	7.354	10.055

map_332
	XhoI	XhoI	30.355	93.151	26.546	14.15	7.807	1.583	57.812	76.87	43.693	36.753	13.281	29.995	18.308	16.419	10.2	41.069	36.479	6.215	13.442

map_333
	XhoI	XhoI	59.919	12.403	19.013	8.284	106.68	25.08	68.515	40.399	29.003	19.273	77.77	24.798	14.355	21.06	231.038	72.062	17.518	7.458	1.784	5.632	23.915	23.561	27.322	24.614	27.931	8.61	7.012	24.6	1.265	4.954	37.338	26.482	46.43	24.695

map_335
	XhoI	XhoI	14.007	23.744	36.623	4.706	17.98	2.968	41.388	1.117	25.208	33.678	9.813	27.685	29.526	14.105	2.965	22.043	30.634	15.949	69.6	9.865	10.249	67.012	29.385	27.96	15.919	15.739	8.545	6.228	49.3	4.627	15.579	19.488	12.197	12.457	47.402	35.991	54.706	54.46	48.142	2.031	13.13	178.545	7.137

map_336
	XhoI	XhoI	16.489	29.739	139.211	5.186	24.681	86.895	3.132	48.661	64.875	120.092	10.917	3.393	7.478	50.353	45.968	15.132

map_337
	XhoI	XhoI	37.513	39.579	13.845	8.197	1.455	57.513	50.33	25.17	46.035	47.695	4.711	32.122	18.422	71.116	35.749	51.942	55.817	13.218	12.377	18.822	8.038	17.601	94.585	25.672	66.113	39.839	29.937	36.02	20.756	41.252	25.557	15.123	21.328	43.02	167.58	39.762	2.216	2.54

map_339
	XhoI	XhoI	34.274	13.0	2.714	22.093	23.164	6.919	15.013	70.54	9.728	10.395	64.819	11.526	19.648	27.415	1.49	2.702	1.919	12.072	15.732	15.162	44.11	4.253	36.298	67.124

map_340
	XhoI	XhoI	38.22	46.595	133.229	168.674	34.011	94.112	5.047	10.652	72.428	3.515	12.831	105.038	124.276	33.743	16.695

map_341
	XhoI	XhoI	97.371	29.863	24.843	11.124	3.369	37.628	63.343	40.707	36.111	79.106	3.418	12.956	42.977	8.289	1.562	57.48	2.969	42.277	65.226	39.265	12.406	67.999	10.222	44.808	37.566	34.808	4.523	70.614	12.655	13.36	24.885	17.932	93.601	24.506	69.589	42.539	47.572	15.075	22.583	41.485	58.695	46.676	34.314	89.877	36.648

map_342
	XhoI	XhoI	36.07	28.755	43.083	48.78	53.266	17.157	38.095	39.803	17.26	56.244	28.427	89.968	56.817	15.46

map_343
	XhoI	XhoI	24.973	1.995	3.583	2.93	17.058	59.147	39.475	18.901	4.786	31.376	3.394	22.948	2.889	42.24	0.782	29.237	31.88	37.83	27.399	8.946

map_344
	XhoI	XhoI	4.758	2.885	44.749	6.714	15.869	71.995	18.849	64.116	12.283	11.906

map_345
	XhoI	XhoI	4.075	45.936	19.393	19.793	12.463	150.28	59.354	49.162	2.158	12.58	182.823	95.992

map_346
	XhoI	XhoI	24.171	31.762	14.197	76.498	5.766	9.64	37.048	47.507	89.166	31.3	80.476

map_348
	XhoI	XhoI	23.184	72.767	31.184	25.175	11.064	3.363	7.052	28.18	19.233	216.001	26.487	14.583	9.731	58.823	3.087	67.503	84.79	7.611	4.76	31.949	18.621	16.93	10.672	41.836	36.577	33.048	4.545	14.726	27.93

map_349
	XhoI	XhoI	38.382	43.749	27.982	19.117	14.752	63.029	27.037	15.465	21.008	44.23	36.287	193.854	2.307	43.55	7.032	1.87	5.562	45.269	27.597	22.937	25.96	8.707	6.723	25.011	5.493

map_350
	XhoI	XhoI	35.601	2.705	39.026	3.619	2.826	16.659	58.852	37.413	20.371	36.286	3.758	4.771	17.533	2.998	13.127	28.759	0.854	60.28	9.48	25.331	30.194	14.611	2.746	22.018	23.425	6.938	13.487	75.695	9.489	121.336	1.369	2.52	1.851	3.809

map_351
	XhoI	XhoI	44.843	101.14	15.826	115.995	60.823	111.005	31.84	86.412	5.511	10.042	68.476	141.478	109.084	27.679	29.548	83.515	3.089	25.215	22.89	16.8

map_352
	XhoI	XhoI	94.626	36.538	73.821	12.801	26.992	14.465	8.023	1.745	60.038	3.276	43.521	102.516	8.082	4.721	5.059

map_353
	XhoI	XhoI	62.614	13.393	11.883	19.752	7.753	16.891	86.243	24.031	108.054	46.212

map_354
	XhoI	XhoI	49.617	16.282	19.479	48.605	134.672	51.73	39.844	2.236	51.875	1.775	5.747	23.17	52.372	23.322	26.871	8.847	32.457	1.439	5.134	24.809	11.537	27.211	41.388	48.513	109.571	34.434	17.339	62.735	29.392	14.225	93.861

map_355
	XhoI	XhoI	12.367	3.003	12.362	27.815	0.943	27.623	33.979	9.485	27.334	28.844	13.368	25.212	24.439	6.741	14.284	69.961	9.608	10.192	76.332	45.281	4.107	1.811	12.326	14.91	8.305	6.086	47.287	4.309	35.456	13.163	1.898

map_358
	XhoI	XhoI	13.977	22.744	11.386	56.629	47.717	37.02	34.985	73.935	3.088	13.422	13.227

map_359
	XhoI	XhoI	13.647	14.173	7.794	1.966	59.1	3.213	45.343	25.82	45.963	39.885	8.395	4.645	34.081	34.831	50.838	43.159	29.69	4.49	13.822	62.503	13.147	12.557	26.819	112.563	20.076

map_360
	XhoI	XhoI	5.252	61.45	42.869	27.467	19.408	14.032	20.681	39.824	39.904	69.047	221.687	2.309	26.563	17.993	7.547	1.628	5.302	23.205	51.26	24.789	35.053	6.981	25.493	1.294	4.94	59.087	44.329	50.343	47.913	62.371	36.121	16.49	58.068	28.762	14.515	123.27	2.714	37.901	5.76	3.028	17.176	64.532	38.82	19.554	4.861	31.379	7.967	4.779

map_361
	XhoI	XhoI	9.124	5.637	2.825	16.742	108.253	19.338	5.065	32.6	3.539	4.405	18.154	3.2	12.609	28.224	0.904	25.36	35.206	9.938	26.552	28.272	16.344	42.978	6.905	99.151	70.04	11.958	18.498	27.238	3.678	1.76	11.75	15.589	8.666	6.149	46.575	3.915	36.016	13.274	12.645	49.195	33.696	13.498

map_363
	XhoI	XhoI	112.283	46.256	77.131	4.89	46.864	33.699	3.347	101.788	164.123	4.499	24.309	88.399	26.09	25.385	67.397	29.288

map_364
	XhoI	XhoI	38.749	45.461	38.014	36.082	91.73	27.083	14.039	9.197	55.798	3.285	42.991	25.335	46.259	37.683	7.822	4.527	53.778	14.379

map_365
	XhoI	XhoI	43.156	41.482	28.224	18.838	38.244	40.179	27.001	14.773	21.324	45.291	35.769	148.931	42.477	2.004	25.777	17.979	9.74	28.508	50.587	22.574	25.44	8.529	31.818	1.711	30.163	11.554	73.038	48.376	66.898	40.3	4.713	33.776	17.739	55.994	42.744	130.62	2.673	29.198

map_366
	XhoI	XhoI	1.22	71.066	55.547	2.865	36.249	2.209	3.443	2.664	77.582	40.883	18.814	4.991	34.232	3.745	4.309	18.135	2.902	12.884	28.429	28.523	43.988	27.568	45.468	5.844

map_367
	XhoI	XhoI	39.533	6.807	87.957	9.858	10.267	61.887	12.446	49.057	4.444	11.366	14.496	9.151	6.594	65.697	19.957	12.964	62.329	33.531	52.759	51.568	46.908	1.932	12.734	113.52	64.885	119.552	33.587

map_368
	XhoI	XhoI	56.406	5.34	48.464	34.369	3.513	12.158	105.317	15.615	114.581	12.178

map_369
	XhoI	XhoI	9.452	28.605	19.341	44.837	145.84	17.752	25.755	15.019	7.994	1.69	57.03	2.908	45.786	19.788

map_370
	XhoI	XhoI	48.684	40.807	8.285	4.777	32.025	18.831	17.531	52.751	37.96	34.602	4.649	6.351

map_371
	XhoI	XhoI	68.224	13.571	11.958	18.9	8.098	17.915	90.815	24.436	62.821	41.396	47.414	14.99	63.321	42.611	66.734	36.634	92.209	55.238	39.991	2.575	26.958	18.074	7.627	30.819	75.724	28.553	8.336	6.636	25.886	5.204	22.682	10.476	71.223	82.893

map_374
	XhoI	XhoI	6.756	3.84	4.539	17.428	15.975	28.383	0.896	61.506	9.714	27.38	43.908	2.956	20.929	31.463	14.876	75.39	9.97	76.143	11.423	17.874	29.294	1.269	2.5	29.247	8.662	49.556	4.144	15.27	19.933	12.732	12.39	50.862	32.309	55.71	57.116	47.543	2.046	13.17	112.94	3.786

map_375
	XhoI	XhoI	65.788	115.07	47.571	80.199	0.783	16.253	38.794	47.431	89.851	14.851	16.319	136.477	4.861	24.192	80.453	51.934	67.516	102.472	34.838	9.699	29.625	20.044	54.626

map_376
	XhoI	XhoI	15.054	1.498	55.34	2.951	72.54	83.997	7.901	4.587	32.005	18.918	17.407	10.949	13.265

map_377
	XhoI	XhoI	28.901	36.011	6.707	29.686	4.571	15.211	57.677	12.771	34.509	8.029	18.532	97.491	25.734	62.416	45.799	45.856	14.852	61.061	25.236	16.213	19.495	162.066	51.293	43.617	43.781	9.289	5.204

map_378
	XhoI	XhoI	2.407	39.561	4.824	37.202	17.517	57.207	29.818	142.198	2.902	34.977	5.846	2.892	16.262	59.952	38.258	20.493	4.684	33.515	3.668	4.538	16.553	2.794	42.805	25.862	32.581	9.361	29.979

map_379
	XhoI	XhoI	2.801	10.004	72.455	17.264	29.778	4.058	13.231	16.301	8.873	6.179	46.216	4.071	14.832	19.75	12.865	13.432	30.935

map_382
	XhoI	XhoI	9.791	31.984	3.408	113.15	15.89	149.481	29.208	77.903	30.624	23.843	65.537	70.536	29.549	23.561	10.74	10.622	26.623	86.374

map_383
	XhoI	XhoI	20.087	36.115	76.58	3.175	13.068	43.323	7.683	1.56	62.5	47.129	26.18	43.32	45.215	4.78	33.251	20.334	18.035	9.851	43.355	74.238	4.593	59.405

map_384
	XhoI	XhoI	29.078	30.669	8.172	17.636	91.461	25.692	62.975	45.408	27.577	20.278	15.098	60.426	24.373	15.062	20.901	164.255	56.307	44.332	28.571	18.565	7.71	1.684	28.529	24.146	27.947	52.143	8.605	6.788	24.724	1.521	4.92	35.738	26.646	44.573	50.099	37.745

map_386
	XhoI	XhoI	76.255	19.281	4.925	31.911	3.561	4.554	17.044	2.879	12.144	27.446	0.966	26.867	45.575	15.154

map_387
	XhoI	XhoI	67.636	63.129	30.349	27.603	4.401	26.325	8.763	5.947	46.942	4.185	14.549	18.983	12.382	12.205	136.139	56.761	49.298	1.985	13.308	110.425	63.112	122.143	33.181	14.948	79.562	5.046	10.387	36.428	49.291	92.859	29.855	111.686	28.849	14.702

map_388
	XhoI	XhoI	31.801	74.671	30.051	24.663	22.095	27.365	66.184	35.545	35.326	78.192	3.146	13.088	27.771	13.854	7.787	65.694	64.087	86.24	7.863	4.587	30.989	18.559	29.691	43.727	36.976	6.511	29.184	4.798	87.786	11.831	18.841	115.23	25.317	60.002	42.187	26.532	6.79

map_389
	XhoI	XhoI	9.806	67.402	54.937	36.894	2.198	3.873	3.097	15.396	59.648	39.647	19.045	41.398	4.506	17.149	16.026	23.557

map_390
	XhoI	XhoI	3.106	28.275	33.501	8.962	25.471	28.606	12.945	2.514	21.519	24.216	7.034	14.821	78.214	10.42	60.544	61.307	1.583	2.453	1.869	11.578	15.768	9.071	6.017	46.117	8.374

map_393
	XhoI	XhoI	49.107	15.91	114.286	35.773	24.31	86.318	3.234	25.64	23.706	67.153	70.282	67.082	58.619	44.887	72.573	72.937	3.125	13.32	27.508	15.093	9.546	56.431	44.665	25.238	39.163

map_394
	XhoI	XhoI	7.408	26.846	16.994	84.614	87.156	39.699	28.07	19.468	14.65	21.256	39.853	24.512	15.853	21.359	84.28	93.347	58.312	42.351	27.284	25.461	1.812	5.545	23.568	21.737	28.04	55.403	8.567	7.232	24.513	1.429	5.372	103.755	50.232	50.872	16.314	36.228	4.866	49.858	55.297	28.314	4.171

map_396
	XhoI	XhoI	12.408	45.061	37.222	17.87	91.937	13.654	69.636	52.837	40.452	2.078	3.769	3.066	16.629	57.226	38.15	19.353	4.498	31.592	3.561	4.687	20.612	12.905	30.117	25.801	32.283	9.868	56.497	12.591	23.129

map_397
	XhoI	XhoI	1.385	33.828	14.81	81.438	10.31	63.648	12.139	19.502	28.77	1.568	4.595	10.915	14.749	8.592	3.195

map_398
	XhoI	XhoI	3.177	45.02	19.977	19.702	13.035	13.096	50.44	88.407	56.924	47.692	133.631	66.373	120.585	32.025	98.806	0.717	56.053	32.479	17.045	89.098	14.365	16.807	152.488	106.815	28.506	24.642	8.798

map_399
	XhoI	XhoI	132.881	28.537	23.908	11.741	3.2	6.932	47.887	40.311	39.77	111.363	3.27	13.043	40.406	8.049	61.97	38.481

map_400
	XhoI	XhoI	9.466	24.791	46.512	46.651	4.965	32.783	17.884	17.072	53.833	26.708

map_401
	XhoI	XhoI	11.057	6.467	35.187	75.831	13.28	12.323	19.002	8.343	17.016	91.473	43.564

map_402
	XhoI	XhoI	14.956	43.461	48.197	14.455	21.506	41.2	24.022	16.272	103.523	92.149	52.962	45.338

map_403
	XhoI	XhoI	11.277	49.341	66.998	39.132	4.989	35.701	17.762	58.733	29.016	13.92	124.544	2.632	35.536	23.032	29.591

map_404
	XhoI	XhoI	27.19	36.939	17.514	4.837	32.04	8.515	18.142	3.036	12.032	27.794	0.894	25.198	32.928	36.658	28.157	13.251	2.907	22.788	24.746	6.692	4.034

map_405
	XhoI	XhoI	50.518	10.636	61.572	11.528	17.946	29.286	4.361	27.709	8.506	6.077	45.675	4.138	15.578	20.132	13.168	62.542	34.593	54.0	51.917	33.151

map_406
	XhoI	XhoI	82.978	48.516	80.806	15.329	34.652	33.301	105.54	15.316	14.743	107.262	59.561	83.824	3.477	56.507	72.318	69.603	30.971	24.535	21.704

map_407
	XhoI	XhoI	21.296	16.659	28.831	14.143	9.298	58.808	3.028	46.299	24.074	44.214	44.893	4.416	54.051	18.252	10.5	79.212	29.663	79.782	13.028	12.872	19.518	8.001	17.955	90.852	89.404	42.376	28.691	20.627	34.797	41.99	25.528	15.95	20.669	4.327

map_408
	XhoI	XhoI	38.516	35.66	87.102	96.405	29.867	25.813	1.667	5.469	23.008	24.662	28.355	23.868	26.812	15.233	17.231

map_409
	XhoI	XhoI	26.846	25.69	32.558	8.975	29.05	29.35	12.937	24.575	22.779	21.905	76.335	9.835	10.905	66.601	11.283	18.531	28.61	1.497	2.525	1.844	11.776	24.471	73.188	20.176	13.155	11.262	82.585	53.584	58.252	48.966	1.95	13.713	112.663	69.353	26.665

map_411
	XhoI	XhoI	27.909	24.199	68.365	92.645	23.743	11.007	3.417	6.897	88.57	36.996	37.084	6.14

map_412
	XhoI	XhoI	19.365	24.472	86.024	7.944	5.05	30.184	18.275	27.592	42.64	31.186

map_413
	XhoI	XhoI	1.431	29.087	19.405	79.448	12.806	18.674	8.629	18.811	88.001	89.407	43.985	28.614	20.286	14.723	21.304	40.836	26.364	116.944	89.206	59.728	41.396	44.729	9.305	5.612	22.96	23.737	28.845	23.067	25.544	8.701	6.575	26.634	5.008	23.599	10.982	27.384	94.437	65.32	75.883	17.587	56.32	28.651	13.872	72.829	52.473	2.574	37.715	1.926	6.386	16.746	61.038	37.837	18.138	4.933	32.217	3.652	23.054	14.832

map_415
	XhoI	XhoI	2.418	4.46	17.698	2.971	13.089	26.768	26.728	40.136	70.39	51.297	15.691	77.082	9.736	10.309	67.16	11.044	18.005	28.387	1.541	4.248	11.645	16.043	8.463	6.277	46.318	3.819	14.024	91.823	33.657	58.986	53.506	48.148	12.771	112.35	66.017	115.868	32.596	14.537	81.437	0.58	4.846	10.627	26.273

map_416
	XhoI	XhoI	10.343	34.829	13.343	89.442	14.599	15.927	114.985	34.036	23.709	82.938	3.203	27.502	24.115	61.224	70.371	68.13	34.277	20.016	197.794

map_417
	XhoI	XhoI	24.635	88.253	8.159	74.213	10.761	44.106	38.023	6.576	27.026	4.737	14.029	55.304	13.381	11.539	27.538	16.527	88.906	26.066	30.371

map_418
	XhoI	XhoI	30.716	41.369	27.861	20.933	15.028	21.198	43.221	23.697	35.809	89.555	96.625	89.1	30.456	27.735	6.889	22.85	23.081	28.446	23.591	25.948	8.351

map_419
	XhoI	XhoI	55.366	56.213	2.714	38.358	2.256	3.601	2.839	16.666	55.892	35.905	19.104	4.763	34.507	3.419	4.467	17.631	2.907	13.117	29.879	70.68	56.538	13.795	2.624	22.064	47.009	81.095	11.088	19.562

map_420
	XhoI	XhoI	46.514	11.969	18.537	28.582	1.444	2.308	1.92	11.77	16.101	14.412	46.565	20.028	32.992	12.967	137.557	53.944	47.173	1.911	12.868	167.87	2.01

map_421
	XhoI	XhoI	117.605	47.554	83.103	4.808	10.214	67.741	3.516	93.788	14.454	166.178	112.341	54.22	63.144	98.755	22.894	14.271	7.317	29.568	19.483	45.93	37.263	17.81

map_422
	XhoI	XhoI	17.718	76.889	3.557	39.989	13.402	8.256	1.534	54.955	3.332	45.066	71.098	37.817	8.037	37.112	19.492	16.501	9.926	41.753	43.191	29.782	19.206	64.286

map_423
	XhoI	XhoI	3.855	42.866	36.781	89.005	55.207	39.491	2.361	27.73	17.454	7.696	1.582	5.738	24.475	24.006	27.746	22.681	35.023	6.444	26.054	105.283	52.078	53.658	16.694	36.996	5.067	33.528	19.534

map_425
	XhoI	XhoI	13.548	176.405	3.087	38.083	2.014	3.964	2.805	16.23	58.544	36.948	19.985	4.787	4.215

map_426
	XhoI	XhoI	28.922	3.891	21.097	3.191	13.202	27.651	26.668	34.569	9.771	28.033	29.798	13.593	3.024	22.916	25.632	7.158	14.957	67.633	9.178	10.553	62.014	12.316	47.156	1.586	4.229	12.085	15.805	8.116

map_427
	XhoI	XhoI	51.988	4.267	15.352	19.883	24.687	78.02	55.857	55.532	52.499	2.072	13.475	144.888

map_428
	XhoI	XhoI	32.58	153.05	76.693	4.639	84.508	99.563	14.19	124.252	28.806	4.674	24.386	82.261	30.103	25.147	135.635	15.404

map_429
	XhoI	XhoI	24.348	10.957	3.272	7.189	27.006	18.71	43.895	69.391	76.681	17.128	38.342	9.679	61.314	3.322	44.641	65.395	41.96	13.14	32.254	18.304	18.018	10.182	42.935	36.912	6.523	29.705	4.43	14.647	73.448	32.176	8.094	132.865	64.425	42.597	29.914	20.047	15.443	61.856	25.262	16.064	67.432	35.039

map_431
	XhoI	XhoI	39.85	56.162	4.955	34.828	18.835	59.92	31.552	14.343	72.698	57.414	2.519	33.767	5.675	3.031	17.308	60.292	85.714	3.384	21.548	3.025	43.669	0.729	26.539	33.152	9.416	29.827	30.498	16.517	22.512	24.098	7.199	14.676	8.13

map_432
	XhoI	XhoI	63.032	9.17	82.312	18.661	31.097	2.515	1.975	11.596	14.461	8.499	6.535	46.529	19.74	32.686	12.794	48.674	34.096	111.03	50.698	14.819	95.805

map_433
	XhoI	XhoI	15.276	67.539	109.815	48.184	73.481	4.708	10.491	38.117	50.267	83.898	14.216	40.712

map_434
	XhoI	XhoI	83.637	34.204	25.381	87.656	51.331	68.986	101.809	26.404	11.18	3.284	6.811	28.99	134.159	53.232

map_435
	XhoI	XhoI	31.947	39.836	7.986	4.86	33.075	19.127	17.794	11.031	43.493	42.176	29.05	4.486	14.703	62.657	13.61	38.39	104.459	92.446	42.372	28.652	20.091	14.576	64.833	26.417	34.179	18.442

map_436
	XhoI	XhoI	9.66	18.772	56.935	28.618	14.364	69.86	55.18	41.743	5.884	3.34	74.836	35.987	22.54	37.339	4.314	18.253	2.857	11.461	27.579	1.078	27.516	33.422	10.199	28.985	38.591	2.73	45.275	6.915	15.594	70.753	9.626	11.06	31.857

map_437
	XhoI	XhoI	30.345	11.897	19.901	29.66	1.522	2.662	2.09	11.812	16.124	8.769	49.77	18.425	18.855	12.8	13.315	84.128	56.969	99.707	15.101	110.901	67.093	146.019	14.595	74.834	5.701	78.832	3.747	12.512	50.376

map_439
	XhoI	XhoI	15.134	39.191	36.691	76.553	3.086	50.347	9.85	64.745	44.431	25.48	47.144	40.036	7.762

map_440
	XhoI	XhoI	3.794	33.203	18.496	17.176	10.824	41.005	76.458	4.619	72.456	13.572	13.809	18.207	26.8	90.637	25.318	69.153	43.207	30.11	20.651	36.272	83.049	22.757	43.853	37.416	99.166

map_442
	XhoI	XhoI	26.393	50.306	47.495	16.553	39.265	55.89	61.891	38.991	136.554	2.714	38.213	2.034	3.803	2.862	17.133	58.201	37.779	19.333	4.903	31.353	3.596	4.608	34.179	26.708	1.028	63.136	9.044	26.86	30.949	16.966	67.002	67.557	20.699	68.833	11.928	19.633	28.91	1.62	2.575	1.945	10.899	15.536	8.606	6.336	47.667	15.336	19.946	12.635	66.323	33.438	50.878	58.929	14.314

map_444
	XhoI	XhoI	33.048	0.567	5.143	10.845	70.762	12.758	86.736	14.973	121.647	27.389	29.797	90.939	2.96	24.751	50.437

map_445
	XhoI	XhoI	19.01	11.12	3.282	6.79	48.422	44.871	72.446	78.872	3.347	13.221	32.667

map_446
	XhoI	XhoI	18.236	59.161	3.278	63.968	46.156	39.178	8.482	4.547	32.56	18.244	17.422	10.625	43.615	35.982	38.947	14.429	60.08	10.667

map_447
	XhoI	XhoI	1.729	12.773	18.77	8.144	18.032	92.329	24.765	67.197	44.38	26.599	23.331

map_450
	XhoI	XhoI	15.316	35.995	71.729	42.092	69.653	55.291	2.808	36.899	5.861	2.987	16.322	60.08	59.283	4.781	30.858	3.607	22.325	2.928	12.918	26.69	0.806	25.462	42.078	27.315	28.98	13.917	2.665	21.02	24.342	6.992	15.386	83.05	10.059	6.757

map_451
	XhoI	XhoI	58.083	12.483	45.699	1.741	2.618	1.8	12.006	15.489	8.845	6.214	45.924	4.312	15.02	19.75	74.155	35.03	104.442

map_453
	XhoI	XhoI	133.012	14.209	77.138	5.241	10.509	68.884	15.745	84.506	14.695	118.537	21.909

map_454
	XhoI	XhoI	32.415	3.176	25.503	88.72	123.858	11.226	3.328	6.365	27.855	18.998	42.405	39.238	37.959	76.936	3.327	13.515	40.295	7.698	62.904	46.844	108.889	8.264	4.809	31.22	38.021	10.643	6.601

map_455
	XhoI	XhoI	4.796	74.425	32.602	8.546	17.743	94.118	25.532	61.231	43.283	44.934	3.47

map_457
	XhoI	XhoI	33.241	92.239	48.101	15.836	37.068	4.789	33.904	17.283	59.079	29.553	13.902	118.353	2.893	36.971	5.775	3.265	16.879	62.815	37.276	23.025	32.723	3.577	21.996	3.254	12.982	28.727	23.996	33.928	9.571	73.33	2.648	21.351	24.184	6.9	29.067

map_458
	XhoI	XhoI	8.156	46.072	1.469	2.481	1.964	12.14	14.983	9.04	6.149	48.059	4.32	14.922	20.909	12.446	12.274	82.049	114.904	46.787	1.997

map_460
	XhoI	XhoI	23.53	14.86	86.876	5.347	10.193	35.167	149.229	127.874	27.219	4.872	24.136	85.839	3.156	25.747	24.224	68.691	99.631	36.608	3.322	35.335	18.309	26.498

map_461
	XhoI	XhoI	18.467	37.562	33.529	76.828	3.411	12.97	26.224	13.554	7.791	57.358	3.272	40.806	23.303	86.046	46.446	17.878	16.941	53.538	37.505	6.589	26.059	4.696	14.178	75.48	32.171	7.932	109.287	25.378	26.966

map_463
	XhoI	XhoI	68.312	94.066	56.206	41.545	2.113	45.351	9.474	5.574	23.757	9.756

map_464
	XhoI	XhoI	23.452	13.912	71.678	62.567	35.595	2.169	25.612	56.557	34.568	18.749	4.826	32.033	3.69	4.476	21.134	12.902	28.061	0.589	27.245	32.909	9.404	28.74	30.147	16.282	22.581	24.878	6.57	13.825	77.097	84.001	11.951	19.134	29.047	1.391	2.334	2.005	11.738	0.962

map_465
	XhoI	XhoI	18.155	12.167	52.131	34.405	111.805	46.386	130.859	180.348	128.708	5.006	10.373	37.469	34.926	13.173	85.751	142.947	26.233	27.472	70.668

map_466
	XhoI	XhoI	78.682	69.717	31.35	23.95	11.142	3.335	6.692	27.246	19.452	121.971	86.015	27.158	14.053	7.872	1.853	45.138

map_467
	XhoI	XhoI	14.094	3.218	44.648	24.167	43.707	39.854	8.029	4.68	30.628	18.46	17.572	10.593	42.289	78.171	19.782	61.425	27.239	19.16	8.103	17.13	58.529

map_468
	XhoI	XhoI	74.947	137.837	37.603	2.219	49.835	7.549	21.571	26.256	27.766	24.347	27.29	8.645	6.79	24.481	1.844	5.031	24.576	11.009	26.701	41.047	51.285	13.99

map_471
	XhoI	XhoI	51.951	57.584	2.798	36.495	5.969	3.063	16.467	56.946	35.363	18.902	37.018	3.757	4.284	16.373	15.686	27.782	0.629	25.897	32.988	9.663	26.261	29.104	12.328	23.96	25.175	59.907

map_472
	XhoI	XhoI	43.966	10.433	67.367	12.059	18.444	28.485	1.821	2.701	1.825	11.364	30.1	45.788	4.472	14.975	21.181	12.17

map_473
	XhoI	XhoI	60.488	94.342	60.012	48.117	14.713	115.994	68.466	156.901	14.715	85.532	15.661	69.661	3.458	12.962	86.274	31.208	140.143	4.661	25.435	7.63

map_474
	XhoI	XhoI	80.708	26.505	25.126	142.642	29.78	24.891	11.235	10.267	28.398	65.975	30.443

map_475
	XhoI	XhoI	6.753	36.193	75.628	3.482	41.938	13.139	7.804	1.685	58.967	3.417	111.913	40.618	8.047	4.516	33.371	35.682	51.525	2.516

map_476
	XhoI	XhoI	34.74	35.045	4.475	14.039	63.287	13.6	12.513	18.816	26.417	94.182	25.557	105.894	26.92	55.973	42.063	39.239	21.956	46.578	35.326	58.396

map_478
	XhoI	XhoI	30.162	52.636	2.666	38.694	2.22	6.517	16.478	59.72	36.022	18.745	4.948	31.653	8.211	18.251	2.799	13.178	27.054	56.172	9.76	27.485	43.006	2.872	22.615	31.581	14.045	72.257	9.409	10.107	61.983	12.016	44.293	1.381	2.417	1.923	11.546	15.267	14.079	49.291	14.635	21.599	12.672	13.103	82.847	37.613

map_480
	XhoI	XhoI	75.341	22.864	91.909	25.998	24.285	68.793	68.299	58.302	11.242	3.427	6.859	26.937	60.109	38.283	35.994	94.558	27.444	9.189

map_481
	XhoI	XhoI	4.359	7.836	1.714	54.92	3.242	70.082	81.303	7.642	4.46	31.21	18.999	17.954	87.307	35.139	4.305	73.196	13.169	12.208	20.102	8.495	17.61	89.524	22.87	65.93	38.899	50.34	35.503	40.026	26.802	15.347	20.642	83.247	111.181

map_483
	XhoI	XhoI	20.9	14.029	73.674	50.515	2.879	37.529	2.3	6.55	80.079	56.796	5.031	33.558	3.459	21.052	2.969	12.37	19.972

map_484
	XhoI	XhoI	8.201	27.43	34.457	9.263	55.561	12.688	2.575	22.105	22.693	7.257	14.23	36.343

map_485
	XhoI	XhoI	35.92	9.745	10.492	64.308	12.199	19.312	27.846	2.596	1.963	11.59	15.704	8.519	6.027	44.994	52.11	12.767	48.721	88.784	52.077	49.402	2.716	12.877	81.249

map_487
	XhoI	XhoI	16.548	5.021	10.265	37.57	36.551	135.131	115.019	28.575	4.854	23.495	87.314	3.397	25.095	92.056	95.495	25.035	10.938	3.403	6.95	28.473	101.126	34.919	82.101	13.537	27.69	14.169	7.796	1.536	61.579	3.013	43.112	24.312	91.489	4.667	32.479	79.187	38.422	6.463	28.163	4.601	14.048	72.477	13.102	19.498	8.0	113.541	25.131	101.555	4.139

map_488
	XhoI	XhoI	104.579	95.953	29.858	19.025	7.737	1.672	5.638	24.472	49.696	23.566	27.762	8.408	6.771	24.299	1.434	5.359	8.726

map_490
	XhoI	XhoI	12.873	13.287	2.747	21.0	45.767	74.855	19.895	63.929	11.22	17.447	26.939	1.764	2.827	1.92	11.197	15.771	8.708	6.237	64.445	21.911	24.752	47.144	33.858	56.264	55.407	49.108	15.233	126.829

map_492
	XhoI	XhoI	26.892	3.446	12.6	86.83	14.469	129.907	30.619	101.458	3.332	53.8	32.067

map_493
	XhoI	XhoI	36.861	66.843	31.924	23.641	21.519	29.64	19.016	46.294	160.147	3.499	13.297	41.985	7.763	1.591	63.694	47.239	24.71	42.209	38.357	8.184	74.261	10.156	44.894	43.567	29.972	4.424	77.318	12.675	12.705	19.779	25.111	93.055	24.991	36.374

map_494
	XhoI	XhoI	20.166	25.024	15.178	20.209	45.595	119.166	53.961	40.698	2.269	28.216	18.509	9.615	5.46	23.067	23.438	52.404	34.638	38.142	25.201	11.625	27.961	93.892	51.404	16.156	29.779

map_496
	XhoI	XhoI	1.685	16.707	58.942	36.345	18.477	5.03	32.798	3.525	4.559	17.937	15.311	28.558	0.758	25.114	34.752	9.928	53.21	12.961	47.561	21.585	79.022	9.459	10.495	64.395	11.56	17.808	20.428

map_497
	XhoI	XhoI	8.511	1.349	2.58	2.003	11.531	14.799	14.665	62.707	21.007	13.725	65.459	32.521	114.348	49.082	2.23	12.645	109.218	58.1

map_498
	XhoI	XhoI	8.761	142.185	15.404	86.936	4.975	83.883	3.64	13.68	100.129	15.496	105.525	34.563	22.724	92.218	3.131	26.474	24.841	192.867	11.334	3.457	36.69	9.904

map_500
	XhoI	XhoI	27.197	44.544	27.257	18.786	57.992	14.016	12.59	18.578	8.051	115.093	25.024	61.061	43.372	51.905	14.828	64.525	26.139	15.276	21.298	84.02	92.348	57.246	41.289	2.283	48.051	7.897	7.204	22.347	23.616	29.365	24.407	26.557	8.429	29.855

map_502
	XhoI	XhoI	83.083	19.603	38.288	24.036	2.952	12.728	30.637	25.14	44.306	57.115	16.661	22.104	24.853	7.001	15.288	71.088	10.247	10.139	91.815	29.282	1.736	4.091	11.146	15.215	8.496	6.33	45.073	4.245	13.739	32.563	12.46	48.731	34.651	58.46	55.226	48.676	2.402	13.333	112.311	38.832

map_504
	XhoI	XhoI	12.848	31.594	24.223	85.415	3.236	51.738	71.182	73.946	30.054	23.056	20.463	49.568	47.414	37.915	62.588

map_505
	XhoI	XhoI	45.915	3.421	39.697	21.492	1.48	55.431	45.826	71.297	39.341	8.124	37.179	18.134	17.564	9.955	41.144	39.305	6.095	34.258	14.745	55.79

map_506
	XhoI	XhoI	8.606	68.842	42.58	27.704	19.618	15.21	60.084	24.72	15.796	133.937

map_508
	XhoI	XhoI	4.729	45.256	52.076	49.165	16.483	41.939	54.53	88.232	14.102	124.956	2.787	36.953	2.152	6.558	75.477	24.533

map_509
	XhoI	XhoI	10.228	5.117	32.16	3.78	4.353	17.944	15.253	28.986	1.058	26.401	30.836	9.62	26.399	28.834	16.947	49.003	6.834	14.39	82.01	71.156	11.71	18.712	29.827	1.492	2.454	1.818	12.036	24.499	6.001	47.235	20.538	34.269	12.448	49.821	34.01	57.264	58.149	45.839	117.912	75.136

map_510
	XhoI	XhoI	55.598	77.238	5.348	10.277	38.81	33.166	16.908	84.346	14.746	16.064	139.158	4.975	109.503	3.131	22.59

map_512
	XhoI	XhoI	26.15	16.96	41.114	7.629	1.349	55.177	3.038	42.327	24.186	87.222	8.348	57.208	17.889	10.593	43.936	36.663	6.622	28.131	4.6	14.072	74.634	32.123	8.04	18.179	93.166	24.529	63.675	43.743	28.762	20.601	37.19	39.777	41.06	19.866	44.322	46.69

map_514
	XhoI	XhoI	47.746	4.988	35.391	7.834	18.712	43.786	25.764	31.561	9.859	54.815	13.681	2.844	22.43	24.509	7.295	94.0	89.224	18.127	29.562	1.385	2.406	1.904	11.781	15.905	15.602	43.982	4.393	15.005	19.602	13.135	59.231	34.593	56.216	58.903	50.668	2.044	12.892	105.651	63.32	30.549

map_516
	XhoI	XhoI	22.115	95.961	69.424	29.211	25.236	10.998	9.789	28.164	19.42	44.999	152.42	3.314	13.104	40.98	8.026	1.808	56.02	6.136

map_517
	XhoI	XhoI	35.036	42.879	37.75	11.85	30.451	37.119	10.737	45.772	73.72	4.596	14.135	62.933	13.036	11.633	20.097	26.014	94.72	24.353	62.541	43.182	64.669	21.214	38.441	25.715	15.826	19.854	168.29	55.758	41.088	2.252	26.266	17.756	7.628	30.912	22.723	24.982

map_518
	XhoI	XhoI	2.379	25.176	21.934	75.611	9.421	10.194	67.157	30.068	27.132	3.965	1.856	11.944	15.719	8.73	5.963	49.241	15.352	19.696	13.286	12.429	6.638

map_519
	XhoI	XhoI	41.314	32.772	53.787	53.771	46.1	128.576	67.47	116.628	124.87	0.572	4.926	10.481	39.524	31.979	102.31	147.93	29.88	113.482	2.966	18.925

map_520
	XhoI	XhoI	5.141	23.291	66.032	69.62	55.144	49.688	19.053	44.319	38.658	35.022	62.102

map_521
	XhoI	XhoI	1.706	31.917	18.692	17.556	11.093	41.116	44.12	29.791	4.737	15.145	63.485	13.813	30.226	8.086	17.406	91.774	25.963	69.576	44.902	28.373	98.009	39.255	20.67	45.121	128.08	92.113	2.189	27.912	18.027	7.556	1.823	5.438	23.45	49.79	24.874	28.251	8.571	6.839	56.997	11.046	26.386	93.175	50.44	50.791	4.836	54.401	57.955	30.713	13.86	74.608	53.706	2.763	4.803

map_523
	XhoI	XhoI	21.662	27.412	12.87	75.969	57.558	2.757	37.633	2.02	3.729	82.153	37.354	17.64	4.84	31.443	3.556	21.884	3.309	12.687	27.866	25.553	44.877	27.369	23.774

map_524
	XhoI	XhoI	17.284	12.553	17.976	31.231	2.478	1.893	12.223	24.632	55.629	58.057	50.072	34.301	55.775	57.82	49.117	2.11	126.101	67.956	116.197	30.052

map_525
	XhoI	XhoI	37.259	30.143	110.44	28.698	4.491	110.721	26.398	163.984	29.424	17.623

map_526
	XhoI	XhoI	6.338	10.836	3.066	6.866	47.314	45.13	37.563	107.872	13.776	26.48	14.508	10.024	59.762	44.668	23.651	46.008	46.671	4.39	32.009	17.906	16.593	56.378	38.83	38.266	4.081	14.343	60.144	12.45	12.489	0.941

map_527
	XhoI	XhoI	16.935	24.41	97.154	23.732	143.259	19.887	14.199	20.924	38.548	26.091	15.363	20.331	45.052	37.217	177.408	15.466

map_528
	XhoI	XhoI	23.861	13.036	3.136	22.07	23.342	21.448	70.641	19.422	65.686	11.379	17.669	26.233	1.672	2.629	1.905	11.837	15.425	8.672	5.451	44.46	19.511	48.077	42.964

map_530
	XhoI	XhoI	102.451	146.907	53.899	68.399	73.807	31.002	24.742	11.256	10.542	28.375	18.655	41.397	38.053	72.231

map_531
	XhoI	XhoI	31.516	3.283	47.266	25.606	44.586	39.962	7.967	4.406	30.54	35.936	10.742	82.241	6.484	28.9	4.69	14.551	62.08	12.317	30.094	8.158	17.979	92.797	25.769	67.674	42.052	29.203	19.92	14.57	62.865	24.363	36.546	42.493	36.984	87.939	57.031	45.219	27.937	27.833	5.423	24.261	23.747	52.735	34.206	6.728	24.347	1.123	67.885	44.771	52.511	63.437	38.075	4.827	33.597	17.981	59.568	28.802	14.704	73.008	58.761	37.729	3.981	19.179	92.659	55.283	3.934	22.093	3.141	13.126	27.455	26.655	33.355	37.038	4.76

map_532
	XhoI	XhoI	3.588	4.816	30.582	3.47	4.318	17.963	3.009	13.137	26.508	27.872	42.395	26.773	28.316	13.469	2.865	21.955	13.004

map_533
	XhoI	XhoI	11.231	7.018	15.036	94.015	65.547	11.913	18.83	29.884	2.519	1.959	11.184	15.718	8.3	6.497	5.803

map_535
	XhoI	XhoI	10.826	43.54	1.883	13.152	109.073	302.076	0.633	4.952	10.957	72.317	15.399	84.354

map_537
	XhoI	XhoI	10.345	17.202	27.267	14.173	7.624	1.627	61.325	46.943	25.3	44.524	53.536	30.778	18.314	17.464	10.648	44.879	39.797	6.255	30.028	4.742	14.583	82.822	19.2	8.14	18.209	96.73	25.274	62.862	42.621	27.263	18.957	15.503	20.209	80.349	21.164	45.809	126.019	56.677	38.923	2.245	44.603	7.696	1.997	5.376	23.512	23.463	28.972	52.065	8.663	6.663	26.233	6.838	22.691	11.276	25.666	42.796	49.647	54.111	17.335	35.723	5.025	34.031	76.49	42.149	71.22	54.672	2.566	164.726	15.458

map_538
	XhoI	XhoI	12.634	53.004	2.693	40.057	2.099	3.773	2.762	16.323	57.653	36.783	59.488	4.182	18.326	3.185	12.856	24.444

map_539
	XhoI	XhoI	3.354	27.122	33.244	10.068	29.202	28.214	13.342	2.851	22.927	30.801	14.488	71.464	9.353	10.071	60.388	11.857	18.611	28.382	1.514	4.405	11.267	15.439	8.925	5.972	45.157	4.408	47.659	12.023	46.629	89.655	112.336	2.205	11.875	63.932

map_543
	XhoI	XhoI	17.266	25.735	11.483	10.825	48.749	48.551	37.399	39.202	76.815	44.918	22.14	1.41	57.553	49.03	25.942	86.489	8.529	4.609	30.52	34.615	10.891	39.76	37.695	6.223	30.926	4.584	76.486	13.266	31.832	8.395	17.688	94.063	24.035	24.713

map_544
	XhoI	XhoI	39.82	41.931	27.06	19.971	14.317	21.851	40.302	26.619	16.103	20.885	107.473

map_545
	XhoI	XhoI	60.665	57.299	69.605	27.037	29.703	24.23	28.046	23.845	28.352	8.702	6.396	25.055	1.377	5.397	33.957	27.318	42.278	47.211	46.84	16.395	37.949	4.73	33.985	75.897

map_546
	XhoI	XhoI	1.769	126.45	2.792	40.29	5.786	20.261	97.647	19.298	4.574	30.653	8.115	17.377	2.896	12.164	28.936	26.18	31.802	9.888	26.307	28.197	13.332	2.96	20.617

map_547
	XhoI	XhoI	23.121	2.645	2.136	12.561	15.69	16.096	45.779	4.28	15.891	19.483	13.386	12.115	84.054	54.931	2.169

map_548
	XhoI	XhoI	99.159	2.193	12.997	109.731	70.136	141.968	14.321	80.859	5.166	10.168	36.685	33.733	16.448	87.446	13.73	16.367	121.446	60.595	86.143	2.915	27.19	213.1	13.171	56.861	44.049	72.869	83.65	40.349	13.667	10.01	59.934	49.189	25.585	43.328	30.667

map_549
	XhoI	XhoI	10.302	8.144	35.004	36.657	10.881	84.141	6.517	26.525	4.819	13.901	59.409	13.332	12.474	19.355	8.046	115.159	24.872	28.286

map_550
	XhoI	XhoI	72.507	52.505	41.463	2.388	45.049	9.527	26.968	23.652	27.48	50.281	8.471	6.583	25.195	1.07	5.127	24.01	10.931	26.523	42.289	105.984	54.015	60.418	58.851	28.212	12.583

map_551
	XhoI	XhoI	11.474	43.889	4.11	15.3	20.265	26.434	49.645	32.755	53.621	109.619	15.254	21.621

map_553
	XhoI	XhoI	17.841	91.854	68.117	53.89	10.711	3.339	6.926	27.686	19.178	42.644	41.368	113.488	16.379	41.831	7.979	1.43	13.987

map_554
	XhoI	XhoI	44.384	3.364	45.405	25.425	43.864	43.312	12.473	50.702	16.865	10.013	80.578	6.665	32.87	14.389	55.742	12.313	12.427	26.059	18.475	92.52	23.776	102.222	28.44	2.238

map_555
	XhoI	XhoI	83.227	53.721	41.294	29.923	18.332	7.216	1.931	29.196	22.94	26.749	50.157	8.884	6.835	27.258	4.92	24.357	10.347	73.341	50.716	52.571	15.888	37.321	4.946	34.216	17.1	54.731	28.974	14.112	66.517	56.022	2.94	36.224	2.043	22.338	58.963	34.117	19.68	35.586	3.696	4.391	16.424	3.121	12.717	29.793	60.435	10.117	27.092	30.867	13.682	2.742	22.731	22.675	7.203	92.822	21.35	61.781	11.527	18.526	33.086	12.999	15.22	3.101

map_558
	XhoI	XhoI	12.485	0.997	24.761	33.081	9.394	26.014	28.625	13.409	3.018	22.808	31.222	15.572	75.233	9.741	78.046	11.7	17.582	29.108	1.614	4.52	11.509	15.031	9.134	52.322	4.185	15.385	19.892	13.203	58.42

map_559
	XhoI	XhoI	37.522	143.244	14.917	74.849	5.296	47.752	33.106	3.451	12.634	89.271	144.109	30.011	4.769	22.389	84.056	119.471	66.697	55.027	14.385	7.136	29.698	2.65

map_561
	XhoI	XhoI	12.816	7.91	60.667	3.145	47.726	23.838	45.774	48.661	4.779	20.46

map_562
	XhoI	XhoI	32.706	17.25	10.307	42.822	36.537	6.476	27.971	4.559	14.637	86.234	19.39	8.237	18.988	122.05	115.475	28.56	20.232	35.683	42.848	25.801	16.484	21.399	44.242	120.63

map_564
	XhoI	XhoI	1.242	54.912	2.616	37.713	2.121	3.559	2.896	77.234	57.26	5.058	32.156	3.61	4.642	17.252	3.12	11.687	28.453	1.092	59.408	9.154	26.563	28.785	16.388	19.668	24.666	6.951	45.034

map_565
	XhoI	XhoI	42.414	9.512	74.396	11.908	17.259	29.632	1.629	2.459	30.106	8.864	6.191	45.433	4.166	57.681	46.623	35.383	55.886	55.537	48.797	2.212	13.15	120.105	189.343	33.398	38.072

map_566
	XhoI	XhoI	56.647	5.608	50.641	32.63	3.49	112.902	15.207	136.356	4.635	24.196	88.363	47.01	70.377	71.951	30.125	23.093	14.243	7.182	91.688	37.873	33.663	81.145

map_567
	XhoI	XhoI	2.945	39.564	14.824	7.943	1.502	57.048	69.34	43.728	40.402	8.026	4.508	32.079	7.139

map_568
	XhoI	XhoI	10.733	16.968	10.468	84.212	6.721	30.672	4.441	86.987	12.73	19.055	8.089	19.084	89.315	126.987	30.694	20.556	36.714	40.518	25.72	14.955	27.417

map_570
	XhoI	XhoI	69.173	13.504	69.874	59.018	2.626	37.072	2.106	6.645	16.978	57.79	36.279	19.593	35.109	3.382	4.694	17.825	2.908	12.628	30.012	0.781	25.062	34.764	9.26	68.753	2.594	21.412	31.456

map_571
	XhoI	XhoI	14.399	88.024	75.475	17.287	27.233	1.441	28.473	14.175	45.444	4.261	14.618	19.2	13.241	13.131	126.311	98.385	2.007	13.921	106.114	64.371	114.95	32.437	93.682	4.681	10.425	36.828	31.135	3.57	12.58	114.403	110.153	29.127	4.718	106.133	3.234	10.292

map_572
	XhoI	XhoI	14.307	24.093	140.979	31.216	24.098	14.464	7.036	47.354	44.95	12.972

map_573
	XhoI	XhoI	3.125	13.118	18.916	107.474	24.822	66.519	43.476	26.238	20.844	15.682	65.024	41.962	21.676	43.889	35.766	85.392

map_574
	XhoI	XhoI	25.542	38.779	3.752	22.143	3.158	12.897	28.635	0.746	53.818	9.364	28.935	28.995	13.848	2.915	20.552	24.578	7.147	15.493	71.725	5.87

map_575
	XhoI	XhoI	24.52	4.252	14.987	19.728	12.943	60.948	91.989	52.93	48.833	118.354	62.05

map_576
	XhoI	XhoI	164.083	77.673	5.04	46.309	35.94	99.838	14.027	16.203	112.55	32.932	24.863	86.259

map_577
	XhoI	XhoI	9.301	2.92	34.656	19.63	80.358	113.472	3.308	13.556	27.613	13.355	7.38	1.784	53.477

map_578
	XhoI	XhoI	5.645	71.308	44.325	38.01	7.895	59.985	71.685	37.185	6.574	28.954	4.831	14.114	58.669	13.488	12.784	18.8	8.202	17.833	87.41

map_579
	XhoI	XhoI	7.166	84.414	42.183	28.273	35.268	21.107	39.779	26.736	36.097	78.113	141.563	42.137	30.223	26.148	1.841	5.378	23.034	23.473	52.206	24.859	8.649	6.525	24.12	1.854	5.176	24.277	11.289	27.621	95.419	52.574	16.291	42.781	33.219	16.23	92.412	84.163	50.681	2.669	0.902

map_581
	XhoI	XhoI	0.653	24.086	7.025	87.829	19.502	68.246	31.212	29.924	1.48	4.298	11.131	15.88	8.607	6.301	43.316	37.787	12.414	12.88	81.984	57.645	54.353	44.16	2.212	12.95	118.55	43.506

map_582
	XhoI	XhoI	24.991	121.479	31.683	87.755	5.68	10.581	37.667	32.649	3.641	12.835	87.197	32.312	145.741	42.433

map_583
	XhoI	XhoI	32.641	66.62	31.305	24.925	11.362	3.476	6.996	28.777	19.802	119.703	78.131	17.202	27.862	13.982	9.32	59.518	1.479

map_584
	XhoI	XhoI	44.957	25.149	42.883	42.249	8.087	4.545	53.65	17.554	10.881	40.445	44.994	29.544	4.533	89.596	12.181	18.891	26.206	85.49	24.753	85.082

map_585
	XhoI	XhoI	123.731	15.852	37.726	41.083	16.903	59.419	120.629	54.727	2.764	37.061	2.013	3.861	3.15	15.451	58.844	36.408	23.124	35.462	4.634	18.392	2.784	12.989	27.797	26.326	30.85	10.148	25.979	28.394	14.319	2.722	22.506	22.892	7.013	14.92	71.938	9.306	73.472	31.891	23.28

map_586
	XhoI	XhoI	4.723	1.613	2.42	1.892	11.441	14.916	14.571	45.335	4.232	15.303	31.927	12.145	48.641	36.115	23.562

map_587
	XhoI	XhoI	34.675	57.055	48.432	1.99	117.424	184.706	32.2	93.061	10.131	37.792	46.87	85.095	14.131	15.238	147.715	23.954	84.612	55.929	69.002	71.188	29.93	23.201	14.8	7.223	48.967	5.684

map_588
	XhoI	XhoI	6.141	87.365	8.247	4.854	33.967	45.932	40.15	43.767	31.236	4.461	74.593	12.522	12.342	18.27	7.854	17.692	89.191	25.639	48.35

map_589
	XhoI	XhoI	17.047	24.604	15.957	21.919	160.408	52.703	43.045	26.746	17.667	7.314	1.841	5.496	24.314	22.656	54.144	17.654

map_591
	XhoI	XhoI	162.673	70.378	52.839	39.485	2.133	6.361	16.522	120.11	4.822	34.256	3.597	21.411	3.113	13.458	28.93	28.576	32.501	8.818	28.111	27.255	13.543	52.376	7.016	14.519	73.843	9.481	10.569	78.918	18.931	29.652	2.651	1.894	11.528	24.415	6.335	43.19	4.195	15.233	19.815	13.123	12.506	51.323	33.077	55.618	52.921	50.037	15.436	168.668	116.894	32.293	91.246	4.794	9.944	39.513	33.072	3.367	13.207	1.536

map_592
	XhoI	XhoI	1.913	6.701	28.787	18.953	82.334	34.374	78.197	13.56	27.823	13.451	7.859	1.566	59.049	69.597	44.602	1.396

map_593
	XhoI	XhoI	57.146	6.211	28.105	4.837	14.416	72.144	12.836	18.441	25.898	94.424	23.119	65.116	42.151	28.077	22.207	15.481	22.188	40.931	25.31	15.302	68.094	235.358	2.938

map_595
	XhoI	XhoI	0.64	56.802	29.181	82.397	55.877	2.651	40.076	6.624	17.059	62.513	35.503	19.104	4.738	33.429	8.655	21.413	12.529	28.924	0.842	25.078	44.909	28.466	27.614	13.233	3.043	22.598	24.584	6.502	15.213	72.491	9.485	10.683	66.758	12.227	18.457	28.291	1.385	2.51	1.658	12.136	15.006	15.066	51.175	47.507	12.787	48.298	20.643

map_596
	XhoI	XhoI	68.633	15.135	35.891	33.634	16.776	100.13	15.752	112.511	27.634	120.948	3.569	116.041	70.747	31.698	10.302

map_598
	XhoI	XhoI	42.204	28.334	13.515	8.048	1.95	59.127	3.16	45.844	25.141	44.74	49.592	4.671	33.733	35.729	10.488	41.424	43.276	26.369	4.871	72.374	12.947	13.338	19.928	8.466	18.238	89.661	129.703	12.39

map_599
	XhoI	XhoI	15.024	56.07	39.209	41.989	19.978	44.538	38.394	88.456	55.995	40.496	30.466	18.576

map_601
	XhoI	XhoI	6.987	27.778	14.461	70.876	97.979	2.224	3.541	2.588	16.045	62.263	35.914	19.787	4.617	35.287	23.125	3.048	39.92	1.129	25.359	33.223	9.668	25.714	28.472	13.495	24.535	24.951	21.548	28.298

map_602
	XhoI	XhoI	7.483	16.175	8.965	6.227	42.567	4.174	15.738	20.225	13.018	12.678	81.372	56.086	56.684	46.641	127.454	175.998	44.289	83.507	5.126	75.308	3.578	13.584	51.597

map_604
	XhoI	XhoI	3.676	29.351	24.977	14.366	7.176	28.093	64.515	39.643	35.626	80.91	13.311	46.911	1.763	63.641	3.217	44.782	71.978	41.068	7.774	4.785

map_605
	XhoI	XhoI	32.878	18.255	18.511	10.751	43.78	42.198	29.208	4.269	14.023	68.693	12.638	19.692	23.455

map_606
	XhoI	XhoI	98.691	24.966	67.162	43.921	28.644	36.202	82.838	15.192	21.719	42.501	124.594	50.424	38.893	2.168	25.568	26.532	5.472	24.733	22.15	27.423	22.656	14.067

map_608
	XhoI	XhoI	62.659	29.766	13.451	75.838	56.369	2.567	37.439	2.042	3.908	3.141	17.109	58.082	36.803	18.314	4.989	33.285	8.457	66.039	0.615	26.09	33.14	9.419	29.684	29.91	13.18	2.873	20.917	30.856	14.955	82.786	10.7	62.385	12.757	48.971	1.672	2.493	1.794	11.682	15.364	8.2	6.207	45.021	4.073	14.769	36.559	12.514

map_609
	XhoI	XhoI	114.301	50.305	79.831	5.53	10.004	70.26	3.157	12.875	82.522	27.67	147.844	4.804	24.566	21.344

map_610
	XhoI	XhoI	62.269	3.094	26.071	25.191	68.93	65.228	54.772	10.833	3.464	7.059	90.246	38.756	123.699	40.868	13.772	9.662	56.309	3.279	45.04	24.61	81.828	8.179	4.573	48.386	16.271	10.133	42.376	72.642	4.905	14.1	70.52	12.655	19.506	7.958	17.914	22.54

map_614
	XhoI	XhoI	11.177	10.465	57.209	16.775	21.763	24.493	22.993	78.732	9.669	10.184	65.187	28.666	28.247	4.063	2.028	12.142	15.366	8.79	6.081	47.377	4.356	14.57	32.459	12.945	48.931	33.627	26.059

map_615
	XhoI	XhoI	124.075	2.201	188.167	108.32	32.78	14.444	81.762	4.971	10.813	72.342	3.532	12.681	97.609	1.797

map_616
	XhoI	XhoI	23.047	10.475	28.65	19.452	43.452	37.806	32.809	83.018	13.222	40.879	7.56	1.907	55.293	47.692	24.595	32.877

map_617
	XhoI	XhoI	13.282	10.231	89.072	35.835	14.068	58.967	12.81	29.443	7.559	17.822	97.57	24.166	63.648	43.339	30.042	35.304	89.097	37.282	85.167	153.081	39.824	2.203	27.6	18.747	7.805	1.823	5.305	23.018	22.89	27.773	24.468	27.666	1.97

