map_5
	XhoI	XhoI	53.442	14.584	100.534	22.183	33.803	22.804	81.109	3.166	25.638	23.471	65.422	73.069	19.540

map_6
	XhoI	XhoI	19.540	73.069	65.422	23.471	25.638	3.166	81.109	22.804	33.803	22.183	100.534	14.584	53.442

map_7
	XhoI	XhoI	53.442	14.584	100.534	22.183	33.803	22.804	81.109	3.166	25.638	23.471	65.422	73.069	19.540

map_8
	XhoI	XhoI	19.540	73.069	65.422	23.471	25.638	3.166	81.109	22.804	33.803	22.183	100.534	14.584	53.442

map_9
	XhoI	XhoI	53.442	14.584	100.534	22.183	33.803	22.804	81.109	3.166	25.638	23.471	65.422	73.069	19.540

